# Generated from: _simion81_dt7_center_potential.txt
# Nonzero potential between : 1.788 2.097
1.165999999999999925e+00 0.000000000000000000e+00
1.167000000000000037e+00 0.000000000000000000e+00
1.167999999999999927e+00 0.000000000000000000e+00
1.169000000000000039e+00 0.000000000000000000e+00
1.169999999999999929e+00 0.000000000000000000e+00
1.171000000000000041e+00 0.000000000000000000e+00
1.171999999999999931e+00 0.000000000000000000e+00
1.173000000000000043e+00 0.000000000000000000e+00
1.173999999999999932e+00 0.000000000000000000e+00
1.175000000000000044e+00 0.000000000000000000e+00
1.175999999999999934e+00 0.000000000000000000e+00
1.177000000000000046e+00 0.000000000000000000e+00
1.177999999999999936e+00 0.000000000000000000e+00
1.179000000000000048e+00 0.000000000000000000e+00
1.179999999999999938e+00 0.000000000000000000e+00
1.181000000000000050e+00 0.000000000000000000e+00
1.181999999999999940e+00 0.000000000000000000e+00
1.183000000000000052e+00 0.000000000000000000e+00
1.183999999999999941e+00 0.000000000000000000e+00
1.185000000000000053e+00 0.000000000000000000e+00
1.185999999999999943e+00 0.000000000000000000e+00
1.187000000000000055e+00 0.000000000000000000e+00
1.187999999999999945e+00 0.000000000000000000e+00
1.189000000000000057e+00 0.000000000000000000e+00
1.189999999999999947e+00 0.000000000000000000e+00
1.191000000000000059e+00 0.000000000000000000e+00
1.191999999999999948e+00 0.000000000000000000e+00
1.193000000000000060e+00 0.000000000000000000e+00
1.193999999999999950e+00 0.000000000000000000e+00
1.195000000000000062e+00 0.000000000000000000e+00
1.195999999999999952e+00 0.000000000000000000e+00
1.197000000000000064e+00 0.000000000000000000e+00
1.197999999999999954e+00 0.000000000000000000e+00
1.199000000000000066e+00 0.000000000000000000e+00
1.199999999999999956e+00 0.000000000000000000e+00
1.201000000000000068e+00 0.000000000000000000e+00
1.201999999999999957e+00 0.000000000000000000e+00
1.203000000000000069e+00 0.000000000000000000e+00
1.203999999999999959e+00 0.000000000000000000e+00
1.205000000000000071e+00 0.000000000000000000e+00
1.205999999999999961e+00 0.000000000000000000e+00
1.207000000000000073e+00 0.000000000000000000e+00
1.207999999999999963e+00 0.000000000000000000e+00
1.209000000000000075e+00 0.000000000000000000e+00
1.209999999999999964e+00 0.000000000000000000e+00
1.211000000000000076e+00 0.000000000000000000e+00
1.211999999999999966e+00 0.000000000000000000e+00
1.213000000000000078e+00 0.000000000000000000e+00
1.213999999999999968e+00 0.000000000000000000e+00
1.215000000000000080e+00 0.000000000000000000e+00
1.215999999999999970e+00 0.000000000000000000e+00
1.217000000000000082e+00 0.000000000000000000e+00
1.217999999999999972e+00 0.000000000000000000e+00
1.219000000000000083e+00 0.000000000000000000e+00
1.219999999999999973e+00 0.000000000000000000e+00
1.221000000000000085e+00 0.000000000000000000e+00
1.221999999999999975e+00 0.000000000000000000e+00
1.223000000000000087e+00 0.000000000000000000e+00
1.223999999999999977e+00 0.000000000000000000e+00
1.225000000000000089e+00 0.000000000000000000e+00
1.225999999999999979e+00 0.000000000000000000e+00
1.227000000000000091e+00 0.000000000000000000e+00
1.227999999999999980e+00 0.000000000000000000e+00
1.229000000000000092e+00 0.000000000000000000e+00
1.229999999999999982e+00 0.000000000000000000e+00
1.231000000000000094e+00 0.000000000000000000e+00
1.231999999999999984e+00 0.000000000000000000e+00
1.233000000000000096e+00 0.000000000000000000e+00
1.233999999999999986e+00 0.000000000000000000e+00
1.235000000000000098e+00 0.000000000000000000e+00
1.235999999999999988e+00 0.000000000000000000e+00
1.237000000000000099e+00 0.000000000000000000e+00
1.237999999999999989e+00 0.000000000000000000e+00
1.239000000000000101e+00 0.000000000000000000e+00
1.239999999999999991e+00 0.000000000000000000e+00
1.241000000000000103e+00 0.000000000000000000e+00
1.241999999999999993e+00 0.000000000000000000e+00
1.243000000000000105e+00 0.000000000000000000e+00
1.243999999999999995e+00 0.000000000000000000e+00
1.245000000000000107e+00 0.000000000000000000e+00
1.245999999999999996e+00 0.000000000000000000e+00
1.247000000000000108e+00 0.000000000000000000e+00
1.247999999999999998e+00 0.000000000000000000e+00
1.249000000000000110e+00 0.000000000000000000e+00
1.250000000000000000e+00 0.000000000000000000e+00
1.251000000000000112e+00 0.000000000000000000e+00
1.252000000000000002e+00 0.000000000000000000e+00
1.253000000000000114e+00 0.000000000000000000e+00
1.254000000000000004e+00 0.000000000000000000e+00
1.255000000000000115e+00 0.000000000000000000e+00
1.256000000000000005e+00 0.000000000000000000e+00
1.257000000000000117e+00 0.000000000000000000e+00
1.258000000000000007e+00 0.000000000000000000e+00
1.259000000000000119e+00 0.000000000000000000e+00
1.260000000000000009e+00 0.000000000000000000e+00
1.261000000000000121e+00 0.000000000000000000e+00
1.262000000000000011e+00 0.000000000000000000e+00
1.263000000000000123e+00 0.000000000000000000e+00
1.264000000000000012e+00 0.000000000000000000e+00
1.265000000000000124e+00 0.000000000000000000e+00
1.266000000000000014e+00 0.000000000000000000e+00
1.267000000000000126e+00 0.000000000000000000e+00
1.268000000000000016e+00 0.000000000000000000e+00
1.269000000000000128e+00 0.000000000000000000e+00
1.270000000000000018e+00 0.000000000000000000e+00
1.271000000000000130e+00 0.000000000000000000e+00
1.272000000000000020e+00 0.000000000000000000e+00
1.273000000000000131e+00 0.000000000000000000e+00
1.274000000000000021e+00 0.000000000000000000e+00
1.275000000000000133e+00 0.000000000000000000e+00
1.276000000000000023e+00 0.000000000000000000e+00
1.277000000000000135e+00 0.000000000000000000e+00
1.278000000000000025e+00 0.000000000000000000e+00
1.279000000000000137e+00 0.000000000000000000e+00
1.280000000000000027e+00 0.000000000000000000e+00
1.280999999999999917e+00 0.000000000000000000e+00
1.282000000000000028e+00 0.000000000000000000e+00
1.282999999999999918e+00 0.000000000000000000e+00
1.284000000000000030e+00 0.000000000000000000e+00
1.284999999999999920e+00 0.000000000000000000e+00
1.286000000000000032e+00 0.000000000000000000e+00
1.286999999999999922e+00 0.000000000000000000e+00
1.288000000000000034e+00 0.000000000000000000e+00
1.288999999999999924e+00 0.000000000000000000e+00
1.290000000000000036e+00 0.000000000000000000e+00
1.290999999999999925e+00 0.000000000000000000e+00
1.292000000000000037e+00 0.000000000000000000e+00
1.292999999999999927e+00 0.000000000000000000e+00
1.294000000000000039e+00 0.000000000000000000e+00
1.294999999999999929e+00 0.000000000000000000e+00
1.296000000000000041e+00 0.000000000000000000e+00
1.296999999999999931e+00 0.000000000000000000e+00
1.298000000000000043e+00 0.000000000000000000e+00
1.298999999999999932e+00 0.000000000000000000e+00
1.300000000000000044e+00 0.000000000000000000e+00
1.300999999999999934e+00 0.000000000000000000e+00
1.302000000000000046e+00 0.000000000000000000e+00
1.302999999999999936e+00 0.000000000000000000e+00
1.304000000000000048e+00 0.000000000000000000e+00
1.304999999999999938e+00 0.000000000000000000e+00
1.306000000000000050e+00 0.000000000000000000e+00
1.306999999999999940e+00 0.000000000000000000e+00
1.308000000000000052e+00 0.000000000000000000e+00
1.308999999999999941e+00 0.000000000000000000e+00
1.310000000000000053e+00 0.000000000000000000e+00
1.310999999999999943e+00 0.000000000000000000e+00
1.312000000000000055e+00 0.000000000000000000e+00
1.312999999999999945e+00 0.000000000000000000e+00
1.314000000000000057e+00 0.000000000000000000e+00
1.314999999999999947e+00 0.000000000000000000e+00
1.316000000000000059e+00 0.000000000000000000e+00
1.316999999999999948e+00 0.000000000000000000e+00
1.318000000000000060e+00 0.000000000000000000e+00
1.318999999999999950e+00 0.000000000000000000e+00
1.320000000000000062e+00 0.000000000000000000e+00
1.320999999999999952e+00 0.000000000000000000e+00
1.322000000000000064e+00 0.000000000000000000e+00
1.322999999999999954e+00 0.000000000000000000e+00
1.324000000000000066e+00 0.000000000000000000e+00
1.324999999999999956e+00 0.000000000000000000e+00
1.326000000000000068e+00 0.000000000000000000e+00
1.326999999999999957e+00 0.000000000000000000e+00
1.328000000000000069e+00 0.000000000000000000e+00
1.328999999999999959e+00 0.000000000000000000e+00
1.330000000000000071e+00 0.000000000000000000e+00
1.330999999999999961e+00 0.000000000000000000e+00
1.332000000000000073e+00 0.000000000000000000e+00
1.332999999999999963e+00 0.000000000000000000e+00
1.334000000000000075e+00 0.000000000000000000e+00
1.334999999999999964e+00 0.000000000000000000e+00
1.336000000000000076e+00 0.000000000000000000e+00
1.336999999999999966e+00 0.000000000000000000e+00
1.338000000000000078e+00 0.000000000000000000e+00
1.338999999999999968e+00 0.000000000000000000e+00
1.340000000000000080e+00 0.000000000000000000e+00
1.340999999999999970e+00 0.000000000000000000e+00
1.342000000000000082e+00 0.000000000000000000e+00
1.342999999999999972e+00 0.000000000000000000e+00
1.344000000000000083e+00 0.000000000000000000e+00
1.344999999999999973e+00 0.000000000000000000e+00
1.346000000000000085e+00 0.000000000000000000e+00
1.346999999999999975e+00 0.000000000000000000e+00
1.348000000000000087e+00 0.000000000000000000e+00
1.348999999999999977e+00 0.000000000000000000e+00
1.350000000000000089e+00 0.000000000000000000e+00
1.350999999999999979e+00 0.000000000000000000e+00
1.352000000000000091e+00 0.000000000000000000e+00
1.352999999999999980e+00 0.000000000000000000e+00
1.354000000000000092e+00 0.000000000000000000e+00
1.354999999999999982e+00 0.000000000000000000e+00
1.356000000000000094e+00 0.000000000000000000e+00
1.356999999999999984e+00 0.000000000000000000e+00
1.358000000000000096e+00 0.000000000000000000e+00
1.358999999999999986e+00 0.000000000000000000e+00
1.360000000000000098e+00 0.000000000000000000e+00
1.360999999999999988e+00 0.000000000000000000e+00
1.362000000000000099e+00 0.000000000000000000e+00
1.362999999999999989e+00 0.000000000000000000e+00
1.364000000000000101e+00 0.000000000000000000e+00
1.364999999999999991e+00 0.000000000000000000e+00
1.366000000000000103e+00 0.000000000000000000e+00
1.366999999999999993e+00 0.000000000000000000e+00
1.368000000000000105e+00 0.000000000000000000e+00
1.368999999999999995e+00 0.000000000000000000e+00
1.370000000000000107e+00 0.000000000000000000e+00
1.370999999999999996e+00 0.000000000000000000e+00
1.372000000000000108e+00 0.000000000000000000e+00
1.372999999999999998e+00 0.000000000000000000e+00
1.374000000000000110e+00 0.000000000000000000e+00
1.375000000000000000e+00 0.000000000000000000e+00
1.376000000000000112e+00 0.000000000000000000e+00
1.377000000000000002e+00 0.000000000000000000e+00
1.378000000000000114e+00 0.000000000000000000e+00
1.379000000000000004e+00 0.000000000000000000e+00
1.380000000000000115e+00 0.000000000000000000e+00
1.381000000000000005e+00 0.000000000000000000e+00
1.382000000000000117e+00 0.000000000000000000e+00
1.383000000000000007e+00 0.000000000000000000e+00
1.384000000000000119e+00 0.000000000000000000e+00
1.385000000000000009e+00 0.000000000000000000e+00
1.386000000000000121e+00 0.000000000000000000e+00
1.387000000000000011e+00 0.000000000000000000e+00
1.388000000000000123e+00 0.000000000000000000e+00
1.389000000000000012e+00 0.000000000000000000e+00
1.390000000000000124e+00 0.000000000000000000e+00
1.391000000000000014e+00 0.000000000000000000e+00
1.392000000000000126e+00 0.000000000000000000e+00
1.393000000000000016e+00 0.000000000000000000e+00
1.394000000000000128e+00 0.000000000000000000e+00
1.395000000000000018e+00 0.000000000000000000e+00
1.396000000000000130e+00 0.000000000000000000e+00
1.397000000000000020e+00 0.000000000000000000e+00
1.398000000000000131e+00 0.000000000000000000e+00
1.399000000000000021e+00 0.000000000000000000e+00
1.400000000000000133e+00 0.000000000000000000e+00
1.401000000000000023e+00 0.000000000000000000e+00
1.402000000000000135e+00 0.000000000000000000e+00
1.403000000000000025e+00 0.000000000000000000e+00
1.404000000000000137e+00 0.000000000000000000e+00
1.405000000000000027e+00 0.000000000000000000e+00
1.406000000000000139e+00 0.000000000000000000e+00
1.407000000000000028e+00 0.000000000000000000e+00
1.407999999999999918e+00 0.000000000000000000e+00
1.409000000000000030e+00 0.000000000000000000e+00
1.409999999999999920e+00 0.000000000000000000e+00
1.411000000000000032e+00 0.000000000000000000e+00
1.411999999999999922e+00 0.000000000000000000e+00
1.413000000000000034e+00 0.000000000000000000e+00
1.413999999999999924e+00 0.000000000000000000e+00
1.415000000000000036e+00 0.000000000000000000e+00
1.415999999999999925e+00 0.000000000000000000e+00
1.417000000000000037e+00 0.000000000000000000e+00
1.417999999999999927e+00 0.000000000000000000e+00
1.419000000000000039e+00 0.000000000000000000e+00
1.419999999999999929e+00 0.000000000000000000e+00
1.421000000000000041e+00 0.000000000000000000e+00
1.421999999999999931e+00 0.000000000000000000e+00
1.423000000000000043e+00 0.000000000000000000e+00
1.423999999999999932e+00 0.000000000000000000e+00
1.425000000000000044e+00 0.000000000000000000e+00
1.425999999999999934e+00 0.000000000000000000e+00
1.427000000000000046e+00 0.000000000000000000e+00
1.427999999999999936e+00 0.000000000000000000e+00
1.429000000000000048e+00 0.000000000000000000e+00
1.429999999999999938e+00 0.000000000000000000e+00
1.431000000000000050e+00 0.000000000000000000e+00
1.431999999999999940e+00 0.000000000000000000e+00
1.433000000000000052e+00 0.000000000000000000e+00
1.433999999999999941e+00 0.000000000000000000e+00
1.435000000000000053e+00 0.000000000000000000e+00
1.435999999999999943e+00 0.000000000000000000e+00
1.437000000000000055e+00 0.000000000000000000e+00
1.437999999999999945e+00 0.000000000000000000e+00
1.439000000000000057e+00 0.000000000000000000e+00
1.439999999999999947e+00 0.000000000000000000e+00
1.441000000000000059e+00 0.000000000000000000e+00
1.441999999999999948e+00 0.000000000000000000e+00
1.443000000000000060e+00 0.000000000000000000e+00
1.443999999999999950e+00 0.000000000000000000e+00
1.445000000000000062e+00 0.000000000000000000e+00
1.445999999999999952e+00 0.000000000000000000e+00
1.447000000000000064e+00 0.000000000000000000e+00
1.447999999999999954e+00 0.000000000000000000e+00
1.449000000000000066e+00 0.000000000000000000e+00
1.449999999999999956e+00 0.000000000000000000e+00
1.451000000000000068e+00 0.000000000000000000e+00
1.451999999999999957e+00 0.000000000000000000e+00
1.453000000000000069e+00 0.000000000000000000e+00
1.453999999999999959e+00 0.000000000000000000e+00
1.455000000000000071e+00 0.000000000000000000e+00
1.455999999999999961e+00 0.000000000000000000e+00
1.457000000000000073e+00 0.000000000000000000e+00
1.457999999999999963e+00 0.000000000000000000e+00
1.459000000000000075e+00 0.000000000000000000e+00
1.459999999999999964e+00 0.000000000000000000e+00
1.461000000000000076e+00 0.000000000000000000e+00
1.461999999999999966e+00 0.000000000000000000e+00
1.463000000000000078e+00 0.000000000000000000e+00
1.463999999999999968e+00 0.000000000000000000e+00
1.465000000000000080e+00 0.000000000000000000e+00
1.465999999999999970e+00 0.000000000000000000e+00
1.467000000000000082e+00 0.000000000000000000e+00
1.467999999999999972e+00 0.000000000000000000e+00
1.469000000000000083e+00 0.000000000000000000e+00
1.469999999999999973e+00 0.000000000000000000e+00
1.471000000000000085e+00 0.000000000000000000e+00
1.471999999999999975e+00 0.000000000000000000e+00
1.473000000000000087e+00 0.000000000000000000e+00
1.473999999999999977e+00 0.000000000000000000e+00
1.475000000000000089e+00 0.000000000000000000e+00
1.475999999999999979e+00 0.000000000000000000e+00
1.477000000000000091e+00 0.000000000000000000e+00
1.477999999999999980e+00 0.000000000000000000e+00
1.479000000000000092e+00 0.000000000000000000e+00
1.479999999999999982e+00 0.000000000000000000e+00
1.481000000000000094e+00 0.000000000000000000e+00
1.481999999999999984e+00 0.000000000000000000e+00
1.483000000000000096e+00 0.000000000000000000e+00
1.483999999999999986e+00 0.000000000000000000e+00
1.485000000000000098e+00 0.000000000000000000e+00
1.485999999999999988e+00 0.000000000000000000e+00
1.487000000000000099e+00 0.000000000000000000e+00
1.487999999999999989e+00 0.000000000000000000e+00
1.489000000000000101e+00 0.000000000000000000e+00
1.489999999999999991e+00 0.000000000000000000e+00
1.491000000000000103e+00 0.000000000000000000e+00
1.491999999999999993e+00 0.000000000000000000e+00
1.493000000000000105e+00 0.000000000000000000e+00
1.493999999999999995e+00 0.000000000000000000e+00
1.495000000000000107e+00 0.000000000000000000e+00
1.495999999999999996e+00 0.000000000000000000e+00
1.497000000000000108e+00 0.000000000000000000e+00
1.497999999999999998e+00 0.000000000000000000e+00
1.499000000000000110e+00 0.000000000000000000e+00
1.500000000000000000e+00 0.000000000000000000e+00
1.501000000000000112e+00 0.000000000000000000e+00
1.502000000000000002e+00 0.000000000000000000e+00
1.503000000000000114e+00 0.000000000000000000e+00
1.504000000000000004e+00 0.000000000000000000e+00
1.505000000000000115e+00 0.000000000000000000e+00
1.506000000000000005e+00 0.000000000000000000e+00
1.507000000000000117e+00 0.000000000000000000e+00
1.508000000000000007e+00 0.000000000000000000e+00
1.509000000000000119e+00 0.000000000000000000e+00
1.510000000000000009e+00 0.000000000000000000e+00
1.511000000000000121e+00 0.000000000000000000e+00
1.512000000000000011e+00 0.000000000000000000e+00
1.513000000000000123e+00 0.000000000000000000e+00
1.514000000000000012e+00 0.000000000000000000e+00
1.515000000000000124e+00 0.000000000000000000e+00
1.516000000000000014e+00 0.000000000000000000e+00
1.517000000000000126e+00 0.000000000000000000e+00
1.518000000000000016e+00 0.000000000000000000e+00
1.519000000000000128e+00 0.000000000000000000e+00
1.520000000000000018e+00 0.000000000000000000e+00
1.521000000000000130e+00 0.000000000000000000e+00
1.522000000000000020e+00 0.000000000000000000e+00
1.523000000000000131e+00 0.000000000000000000e+00
1.524000000000000021e+00 0.000000000000000000e+00
1.525000000000000133e+00 0.000000000000000000e+00
1.526000000000000023e+00 0.000000000000000000e+00
1.527000000000000135e+00 0.000000000000000000e+00
1.528000000000000025e+00 0.000000000000000000e+00
1.529000000000000137e+00 0.000000000000000000e+00
1.530000000000000027e+00 0.000000000000000000e+00
1.531000000000000139e+00 0.000000000000000000e+00
1.532000000000000028e+00 0.000000000000000000e+00
1.533000000000000140e+00 0.000000000000000000e+00
1.534000000000000030e+00 0.000000000000000000e+00
1.535000000000000142e+00 0.000000000000000000e+00
1.536000000000000032e+00 0.000000000000000000e+00
1.536999999999999922e+00 0.000000000000000000e+00
1.538000000000000034e+00 0.000000000000000000e+00
1.538999999999999924e+00 0.000000000000000000e+00
1.540000000000000036e+00 0.000000000000000000e+00
1.540999999999999925e+00 0.000000000000000000e+00
1.542000000000000037e+00 0.000000000000000000e+00
1.542999999999999927e+00 0.000000000000000000e+00
1.544000000000000039e+00 0.000000000000000000e+00
1.544999999999999929e+00 0.000000000000000000e+00
1.546000000000000041e+00 0.000000000000000000e+00
1.546999999999999931e+00 0.000000000000000000e+00
1.548000000000000043e+00 0.000000000000000000e+00
1.548999999999999932e+00 0.000000000000000000e+00
1.550000000000000044e+00 0.000000000000000000e+00
1.550999999999999934e+00 0.000000000000000000e+00
1.552000000000000046e+00 0.000000000000000000e+00
1.552999999999999936e+00 0.000000000000000000e+00
1.554000000000000048e+00 0.000000000000000000e+00
1.554999999999999938e+00 0.000000000000000000e+00
1.556000000000000050e+00 0.000000000000000000e+00
1.556999999999999940e+00 0.000000000000000000e+00
1.558000000000000052e+00 0.000000000000000000e+00
1.558999999999999941e+00 0.000000000000000000e+00
1.560000000000000053e+00 0.000000000000000000e+00
1.560999999999999943e+00 0.000000000000000000e+00
1.562000000000000055e+00 0.000000000000000000e+00
1.562999999999999945e+00 0.000000000000000000e+00
1.564000000000000057e+00 0.000000000000000000e+00
1.564999999999999947e+00 0.000000000000000000e+00
1.566000000000000059e+00 0.000000000000000000e+00
1.566999999999999948e+00 0.000000000000000000e+00
1.568000000000000060e+00 0.000000000000000000e+00
1.568999999999999950e+00 0.000000000000000000e+00
1.570000000000000062e+00 0.000000000000000000e+00
1.570999999999999952e+00 0.000000000000000000e+00
1.572000000000000064e+00 0.000000000000000000e+00
1.572999999999999954e+00 0.000000000000000000e+00
1.574000000000000066e+00 0.000000000000000000e+00
1.574999999999999956e+00 0.000000000000000000e+00
1.576000000000000068e+00 0.000000000000000000e+00
1.576999999999999957e+00 0.000000000000000000e+00
1.578000000000000069e+00 0.000000000000000000e+00
1.578999999999999959e+00 0.000000000000000000e+00
1.580000000000000071e+00 0.000000000000000000e+00
1.580999999999999961e+00 0.000000000000000000e+00
1.582000000000000073e+00 0.000000000000000000e+00
1.582999999999999963e+00 0.000000000000000000e+00
1.584000000000000075e+00 0.000000000000000000e+00
1.584999999999999964e+00 0.000000000000000000e+00
1.586000000000000076e+00 0.000000000000000000e+00
1.586999999999999966e+00 0.000000000000000000e+00
1.588000000000000078e+00 0.000000000000000000e+00
1.588999999999999968e+00 0.000000000000000000e+00
1.590000000000000080e+00 0.000000000000000000e+00
1.590999999999999970e+00 0.000000000000000000e+00
1.592000000000000082e+00 0.000000000000000000e+00
1.592999999999999972e+00 0.000000000000000000e+00
1.594000000000000083e+00 0.000000000000000000e+00
1.594999999999999973e+00 0.000000000000000000e+00
1.596000000000000085e+00 0.000000000000000000e+00
1.596999999999999975e+00 0.000000000000000000e+00
1.598000000000000087e+00 0.000000000000000000e+00
1.598999999999999977e+00 0.000000000000000000e+00
1.600000000000000089e+00 0.000000000000000000e+00
1.600999999999999979e+00 0.000000000000000000e+00
1.602000000000000091e+00 0.000000000000000000e+00
1.602999999999999980e+00 0.000000000000000000e+00
1.604000000000000092e+00 0.000000000000000000e+00
1.604999999999999982e+00 0.000000000000000000e+00
1.606000000000000094e+00 0.000000000000000000e+00
1.606999999999999984e+00 0.000000000000000000e+00
1.608000000000000096e+00 0.000000000000000000e+00
1.608999999999999986e+00 0.000000000000000000e+00
1.610000000000000098e+00 0.000000000000000000e+00
1.610999999999999988e+00 0.000000000000000000e+00
1.612000000000000099e+00 0.000000000000000000e+00
1.612999999999999989e+00 0.000000000000000000e+00
1.614000000000000101e+00 0.000000000000000000e+00
1.614999999999999991e+00 0.000000000000000000e+00
1.616000000000000103e+00 0.000000000000000000e+00
1.616999999999999993e+00 0.000000000000000000e+00
1.618000000000000105e+00 0.000000000000000000e+00
1.618999999999999995e+00 0.000000000000000000e+00
1.620000000000000107e+00 0.000000000000000000e+00
1.620999999999999996e+00 0.000000000000000000e+00
1.622000000000000108e+00 0.000000000000000000e+00
1.622999999999999998e+00 0.000000000000000000e+00
1.624000000000000110e+00 0.000000000000000000e+00
1.625000000000000000e+00 0.000000000000000000e+00
1.626000000000000112e+00 0.000000000000000000e+00
1.627000000000000002e+00 0.000000000000000000e+00
1.628000000000000114e+00 0.000000000000000000e+00
1.629000000000000004e+00 0.000000000000000000e+00
1.630000000000000115e+00 0.000000000000000000e+00
1.631000000000000005e+00 0.000000000000000000e+00
1.632000000000000117e+00 0.000000000000000000e+00
1.633000000000000007e+00 0.000000000000000000e+00
1.634000000000000119e+00 0.000000000000000000e+00
1.635000000000000009e+00 0.000000000000000000e+00
1.636000000000000121e+00 0.000000000000000000e+00
1.637000000000000011e+00 0.000000000000000000e+00
1.638000000000000123e+00 0.000000000000000000e+00
1.639000000000000012e+00 0.000000000000000000e+00
1.640000000000000124e+00 0.000000000000000000e+00
1.641000000000000014e+00 0.000000000000000000e+00
1.642000000000000126e+00 0.000000000000000000e+00
1.643000000000000016e+00 0.000000000000000000e+00
1.644000000000000128e+00 0.000000000000000000e+00
1.645000000000000018e+00 0.000000000000000000e+00
1.646000000000000130e+00 0.000000000000000000e+00
1.647000000000000020e+00 0.000000000000000000e+00
1.648000000000000131e+00 0.000000000000000000e+00
1.649000000000000021e+00 0.000000000000000000e+00
1.650000000000000133e+00 0.000000000000000000e+00
1.651000000000000023e+00 0.000000000000000000e+00
1.652000000000000135e+00 0.000000000000000000e+00
1.653000000000000025e+00 0.000000000000000000e+00
1.654000000000000137e+00 0.000000000000000000e+00
1.655000000000000027e+00 0.000000000000000000e+00
1.656000000000000139e+00 0.000000000000000000e+00
1.657000000000000028e+00 0.000000000000000000e+00
1.658000000000000140e+00 0.000000000000000000e+00
1.659000000000000030e+00 0.000000000000000000e+00
1.660000000000000142e+00 0.000000000000000000e+00
1.661000000000000032e+00 0.000000000000000000e+00
1.662000000000000144e+00 0.000000000000000000e+00
1.663000000000000034e+00 0.000000000000000000e+00
1.664000000000000146e+00 0.000000000000000000e+00
1.665000000000000036e+00 0.000000000000000000e+00
1.665999999999999925e+00 0.000000000000000000e+00
1.667000000000000037e+00 0.000000000000000000e+00
1.667999999999999927e+00 0.000000000000000000e+00
1.669000000000000039e+00 0.000000000000000000e+00
1.669999999999999929e+00 0.000000000000000000e+00
1.671000000000000041e+00 0.000000000000000000e+00
1.671999999999999931e+00 0.000000000000000000e+00
1.673000000000000043e+00 0.000000000000000000e+00
1.673999999999999932e+00 0.000000000000000000e+00
1.675000000000000044e+00 0.000000000000000000e+00
1.675999999999999934e+00 0.000000000000000000e+00
1.677000000000000046e+00 0.000000000000000000e+00
1.677999999999999936e+00 0.000000000000000000e+00
1.679000000000000048e+00 0.000000000000000000e+00
1.679999999999999938e+00 0.000000000000000000e+00
1.681000000000000050e+00 0.000000000000000000e+00
1.681999999999999940e+00 0.000000000000000000e+00
1.683000000000000052e+00 0.000000000000000000e+00
1.683999999999999941e+00 0.000000000000000000e+00
1.685000000000000053e+00 0.000000000000000000e+00
1.685999999999999943e+00 0.000000000000000000e+00
1.687000000000000055e+00 0.000000000000000000e+00
1.687999999999999945e+00 0.000000000000000000e+00
1.689000000000000057e+00 0.000000000000000000e+00
1.689999999999999947e+00 0.000000000000000000e+00
1.691000000000000059e+00 0.000000000000000000e+00
1.691999999999999948e+00 0.000000000000000000e+00
1.693000000000000060e+00 0.000000000000000000e+00
1.693999999999999950e+00 0.000000000000000000e+00
1.695000000000000062e+00 0.000000000000000000e+00
1.695999999999999952e+00 0.000000000000000000e+00
1.697000000000000064e+00 0.000000000000000000e+00
1.697999999999999954e+00 0.000000000000000000e+00
1.699000000000000066e+00 0.000000000000000000e+00
1.699999999999999956e+00 0.000000000000000000e+00
1.701000000000000068e+00 0.000000000000000000e+00
1.701999999999999957e+00 0.000000000000000000e+00
1.703000000000000069e+00 0.000000000000000000e+00
1.703999999999999959e+00 0.000000000000000000e+00
1.705000000000000071e+00 0.000000000000000000e+00
1.705999999999999961e+00 0.000000000000000000e+00
1.707000000000000073e+00 0.000000000000000000e+00
1.707999999999999963e+00 0.000000000000000000e+00
1.709000000000000075e+00 0.000000000000000000e+00
1.709999999999999964e+00 0.000000000000000000e+00
1.711000000000000076e+00 0.000000000000000000e+00
1.711999999999999966e+00 0.000000000000000000e+00
1.713000000000000078e+00 0.000000000000000000e+00
1.713999999999999968e+00 0.000000000000000000e+00
1.715000000000000080e+00 0.000000000000000000e+00
1.715999999999999970e+00 0.000000000000000000e+00
1.717000000000000082e+00 0.000000000000000000e+00
1.717999999999999972e+00 0.000000000000000000e+00
1.719000000000000083e+00 0.000000000000000000e+00
1.719999999999999973e+00 0.000000000000000000e+00
1.721000000000000085e+00 0.000000000000000000e+00
1.721999999999999975e+00 0.000000000000000000e+00
1.723000000000000087e+00 0.000000000000000000e+00
1.723999999999999977e+00 0.000000000000000000e+00
1.725000000000000089e+00 0.000000000000000000e+00
1.725999999999999979e+00 0.000000000000000000e+00
1.727000000000000091e+00 0.000000000000000000e+00
1.727999999999999980e+00 0.000000000000000000e+00
1.729000000000000092e+00 0.000000000000000000e+00
1.729999999999999982e+00 0.000000000000000000e+00
1.731000000000000094e+00 0.000000000000000000e+00
1.731999999999999984e+00 0.000000000000000000e+00
1.733000000000000096e+00 0.000000000000000000e+00
1.733999999999999986e+00 0.000000000000000000e+00
1.735000000000000098e+00 0.000000000000000000e+00
1.735999999999999988e+00 0.000000000000000000e+00
1.737000000000000099e+00 0.000000000000000000e+00
1.737999999999999989e+00 0.000000000000000000e+00
1.739000000000000101e+00 0.000000000000000000e+00
1.739999999999999991e+00 0.000000000000000000e+00
1.741000000000000103e+00 0.000000000000000000e+00
1.741999999999999993e+00 0.000000000000000000e+00
1.743000000000000105e+00 0.000000000000000000e+00
1.743999999999999995e+00 0.000000000000000000e+00
1.745000000000000107e+00 0.000000000000000000e+00
1.745999999999999996e+00 0.000000000000000000e+00
1.747000000000000108e+00 0.000000000000000000e+00
1.747999999999999998e+00 0.000000000000000000e+00
1.749000000000000110e+00 0.000000000000000000e+00
1.750000000000000000e+00 0.000000000000000000e+00
1.751000000000000112e+00 0.000000000000000000e+00
1.752000000000000002e+00 0.000000000000000000e+00
1.753000000000000114e+00 0.000000000000000000e+00
1.754000000000000004e+00 0.000000000000000000e+00
1.755000000000000115e+00 0.000000000000000000e+00
1.756000000000000005e+00 0.000000000000000000e+00
1.757000000000000117e+00 0.000000000000000000e+00
1.758000000000000007e+00 0.000000000000000000e+00
1.759000000000000119e+00 0.000000000000000000e+00
1.760000000000000009e+00 0.000000000000000000e+00
1.761000000000000121e+00 0.000000000000000000e+00
1.762000000000000011e+00 0.000000000000000000e+00
1.763000000000000123e+00 0.000000000000000000e+00
1.764000000000000012e+00 0.000000000000000000e+00
1.765000000000000124e+00 0.000000000000000000e+00
1.766000000000000014e+00 0.000000000000000000e+00
1.767000000000000126e+00 0.000000000000000000e+00
1.768000000000000016e+00 0.000000000000000000e+00
1.769000000000000128e+00 0.000000000000000000e+00
1.770000000000000018e+00 0.000000000000000000e+00
1.771000000000000130e+00 0.000000000000000000e+00
1.772000000000000020e+00 0.000000000000000000e+00
1.773000000000000131e+00 0.000000000000000000e+00
1.774000000000000021e+00 0.000000000000000000e+00
1.775000000000000133e+00 0.000000000000000000e+00
1.776000000000000023e+00 0.000000000000000000e+00
1.777000000000000135e+00 0.000000000000000000e+00
1.778000000000000025e+00 0.000000000000000000e+00
1.779000000000000137e+00 0.000000000000000000e+00
1.780000000000000027e+00 0.000000000000000000e+00
1.781000000000000139e+00 0.000000000000000000e+00
1.782000000000000028e+00 0.000000000000000000e+00
1.783000000000000140e+00 0.000000000000000000e+00
1.784000000000000030e+00 0.000000000000000000e+00
1.785000000000000142e+00 0.000000000000000000e+00
1.786000000000000032e+00 0.000000000000000000e+00
1.787000000000000144e+00 0.000000000000000000e+00
1.788000000000000034e+00 5.131578947368421740e-07
1.789000000000000146e+00 1.085053319573443384e-06
1.790000000000000036e+00 1.730886652906776604e-06
1.791000000000000147e+00 2.088029510049633867e-06
1.792000000000000037e+00 2.889311561331685318e-06
1.792999999999999927e+00 3.343857015877139785e-06
1.794000000000000039e+00 3.843857015877139233e-06
1.794999999999999929e+00 4.399412571432695493e-06
1.796000000000000041e+00 5.024412571432695438e-06
1.796999999999999931e+00 5.738698285718409540e-06
1.798000000000000043e+00 7.362967291566364022e-06
1.798999999999999932e+00 7.969584938625186651e-06
1.800000000000000044e+00 9.660061129101376269e-06
1.800999999999999934e+00 1.004467651371676137e-05
1.802000000000000046e+00 1.295682430744350513e-05
1.802999999999999936e+00 1.406344195450233145e-05
1.804000000000000048e+00 1.722614036720074651e-05
1.804999999999999938e+00 1.948747573805623712e-05
1.806000000000000050e+00 2.181529813495757875e-05
1.806999999999999940e+00 2.776784069044131722e-05
1.808000000000000052e+00 3.180796467464424540e-05
1.808999999999999941e+00 3.513775242645212341e-05
1.810000000000000053e+00 4.103716499788481471e-05
1.810999999999999943e+00 5.533313882539888328e-05
1.812000000000000055e+00 5.959745038673058126e-05
1.812999999999999945e+00 6.764791767829694336e-05
1.814000000000000057e+00 7.948573854765805021e-05
1.814999999999999947e+00 9.069708172804145127e-05
1.816000000000000059e+00 1.017308866529067384e-04
1.816999999999999948e+00 1.181142982619375829e-04
1.818000000000000060e+00 1.348044190931188026e-04
1.818999999999999950e+00 1.577103840217230373e-04
1.820000000000000062e+00 1.787811930931125525e-04
1.820999999999999952e+00 1.999999999999998741e-04
1.822000000000000064e+00 2.269622851348857950e-04
1.822999999999999954e+00 2.589628350021151455e-04
1.824000000000000066e+00 2.903399388708985873e-04
1.824999999999999956e+00 3.251486314682908900e-04
1.826000000000000068e+00 3.661876443989446010e-04
1.826999999999999957e+00 4.062518561804551978e-04
1.828000000000000069e+00 4.586295016687819311e-04
1.828999999999999959e+00 5.079695849386253563e-04
1.830000000000000071e+00 5.696287236370441414e-04
1.830999999999999961e+00 6.326152402164398388e-04
1.832000000000000073e+00 7.050244125714324800e-04
1.832999999999999963e+00 7.880386568196165106e-04
1.834000000000000075e+00 8.781847018650427083e-04
1.834999999999999964e+00 9.737164478967883560e-04
1.836000000000000076e+00 1.085047669156608821e-03
1.836999999999999966e+00 1.202889311561331376e-03
1.838000000000000078e+00 1.337348536740177399e-03
1.838999999999999968e+00 1.488038656819616612e-03
1.840000000000000080e+00 1.655583138825398410e-03
1.840999999999999970e+00 1.834526641315341712e-03
1.842000000000000082e+00 2.038524393047612578e-03
1.842999999999999972e+00 2.267072259783560299e-03
1.844000000000000083e+00 2.514063441954502917e-03
1.844999999999999973e+00 2.796656142984121733e-03
1.846000000000000085e+00 3.102889311561332457e-03
1.846999999999999975e+00 3.444666861174600254e-03
1.848000000000000087e+00 3.828760165251844823e-03
1.848999999999999977e+00 4.256530559460320641e-03
1.850000000000000089e+00 4.721815298134956693e-03
1.850999999999999979e+00 5.244666861174602374e-03
1.852000000000000091e+00 5.829760165251844997e-03
1.852999999999999980e+00 6.478447859759780755e-03
1.854000000000000092e+00 7.196656142984127202e-03
1.854999999999999982e+00 7.996156142984125331e-03
1.856000000000000094e+00 8.885936558045492289e-03
1.856999999999999984e+00 9.872787714865115943e-03
1.858000000000000096e+00 1.097342233024973038e-02
1.858999999999999986e+00 1.219999999999999210e-02
1.860000000000000098e+00 1.356461224757355213e-02
1.860999999999999988e+00 1.508313100248994190e-02
1.862000000000000099e+00 1.677878119309310703e-02
1.862999999999999989e+00 1.866764791767829695e-02
1.864000000000000101e+00 2.077704978123011414e-02
1.864999999999999991e+00 2.312876016525183820e-02
1.866000000000000103e+00 2.576147560695239355e-02
1.866999999999999993e+00 2.870051315789471508e-02
1.868000000000000105e+00 3.199891494668043873e-02
1.868999999999999995e+00 3.568995532348627486e-02
1.870000000000000107e+00 3.982808034069044295e-02
1.870999999999999996e+00 4.448051252426195312e-02
1.872000000000000108e+00 4.970657203161905902e-02
1.872999999999999998e+00 5.559711068843870008e-02
1.874000000000000110e+00 6.223222708232169914e-02
1.875000000000000000e+00 6.972751784069045056e-02
1.876000000000000112e+00 7.819974999999995680e-02
1.877000000000000002e+00 8.778874772114712843e-02
1.878000000000000114e+00 9.865307559133333626e-02
1.879000000000000004e+00 1.109647692577460376e-01
1.880000000000000115e+00 1.249277536375733577e-01
1.881000000000000005e+00 1.407601555594603648e-01
1.882000000000000117e+00 1.586851610285354708e-01
1.883000000000000007e+00 1.789410457546624367e-01
1.884000000000000119e+00 2.017495021817063416e-01
1.885000000000000009e+00 2.273111328116327878e-01
1.886000000000000121e+00 2.557710786510208334e-01
1.887000000000000011e+00 2.871846157019365964e-01
1.888000000000000123e+00 3.215031781518275511e-01
1.889000000000000012e+00 3.585132228283413047e-01
1.890000000000000124e+00 3.978590420446213027e-01
1.891000000000000014e+00 4.389981460668890278e-01
1.892000000000000126e+00 4.812579665172609933e-01
1.893000000000000016e+00 5.238698590425633350e-01
1.894000000000000128e+00 5.660341114336945312e-01
1.895000000000000018e+00 6.069830318741067376e-01
1.896000000000000130e+00 6.460681923758968548e-01
1.897000000000000020e+00 6.827653990595317079e-01
1.898000000000000131e+00 7.167314535635288530e-01
1.899000000000000021e+00 7.477781329560319046e-01
1.900000000000000133e+00 7.758690053688569455e-01
1.901000000000000023e+00 8.010757936703176707e-01
1.902000000000000135e+00 8.235497521817063404e-01
1.903000000000000025e+00 8.434900369368329986e-01
1.904000000000000137e+00 8.611270481719864867e-01
1.905000000000000027e+00 8.766982691133466954e-01
1.906000000000000139e+00 8.904275613298811010e-01
1.907000000000000028e+00 9.025289345073570502e-01
1.908000000000000140e+00 9.131994868421055012e-01
1.909000000000000030e+00 9.226112946765132605e-01
1.910000000000000142e+00 9.309243021402402452e-01
1.911000000000000032e+00 9.382706287236372011e-01
1.912000000000000144e+00 9.447706287236370404e-01
1.913000000000000034e+00 9.505262835521033349e-01
1.914000000000000146e+00 9.556297601652520290e-01
1.915000000000000036e+00 9.601604307837197094e-01
1.916000000000000147e+00 9.641809291909290147e-01
1.917000000000000037e+00 9.677553331388253355e-01
1.918000000000000149e+00 9.709212188069070715e-01
1.919000000000000039e+00 9.737401247718352471e-01
1.919999999999999929e+00 9.762416829983313615e-01
1.921000000000000041e+00 9.784646122475730845e-01
1.921999999999999931e+00 9.804277678406903007e-01
1.923000000000000043e+00 9.821661876443992245e-01
1.923999999999999932e+00 9.836961561429837797e-01
1.925000000000000044e+00 9.850351377524265706e-01
1.925999999999999934e+00 9.862073629672917230e-01
1.927000000000000046e+00 9.872215521402404326e-01
1.927999999999999936e+00 9.880956005874284021e-01
1.929000000000000048e+00 9.888300934985847501e-01
1.929999999999999938e+00 9.894404025496135180e-01
1.931000000000000050e+00 9.899333123556013359e-01
1.931999999999999940e+00 9.903137509419547291e-01
1.933000000000000052e+00 9.905818857017379964e-01
1.933999999999999941e+00 9.907496668611743829e-01
1.935000000000000053e+00 9.908174892982624105e-01
1.935999999999999943e+00 9.907862490580454651e-01
1.937000000000000055e+00 9.906425527738728087e-01
1.937999999999999945e+00 9.903926370327086337e-01
1.939000000000000057e+00 9.900338123556011727e-01
1.939999999999999947e+00 9.895676479176784834e-01
1.941000000000000059e+00 9.889787811930933481e-01
1.941999999999999948e+00 9.882614756069523221e-01
1.943000000000000060e+00 9.874050244125717191e-01
1.943999999999999950e+00 9.864033438570156687e-01
1.945000000000000062e+00 9.852385243930475989e-01
1.945999999999999952e+00 9.838989149466798034e-01
1.947000000000000064e+00 9.823577103840218649e-01
1.947999999999999954e+00 9.805956005874282289e-01
1.949000000000000066e+00 9.785870431756926724e-01
1.949999999999999956e+00 9.762999999999998346e-01
1.951000000000000068e+00 9.737000000000005651e-01
1.951999999999999957e+00 9.707422896159778603e-01
1.953000000000000069e+00 9.673833810024901059e-01
1.953999999999999959e+00 9.635592128350024543e-01
1.955000000000000071e+00 9.592002499999997545e-01
1.955999999999999961e+00 9.542352627524263164e-01
1.957000000000000073e+00 9.485705029926432275e-01
1.957999999999999963e+00 9.420999999999999375e-01
1.959000000000000075e+00 9.346999999999996422e-01
1.959999999999999964e+00 9.262297683351865540e-01
1.961000000000000076e+00 9.165446668611748615e-01
1.961999999999999966e+00 9.054742573835691255e-01
1.963000000000000078e+00 8.928341734667117890e-01
1.963999999999999968e+00 8.784431251945079566e-01
1.965000000000000080e+00 8.621235699943115005e-01
1.965999999999999970e+00 8.437121599331822708e-01
1.967000000000000082e+00 8.230819868891426916e-01
1.967999999999999972e+00 8.001529811148172522e-01
1.969000000000000083e+00 7.749236170439680604e-01
1.969999999999999973e+00 7.474607112469576764e-01
1.971000000000000085e+00 7.179286335200320002e-01
1.971999999999999975e+00 6.865674505718095677e-01
1.973000000000000087e+00 6.536985705127025259e-01
1.973999999999999977e+00 6.196908189999287275e-01
1.975000000000000089e+00 5.849494487904166595e-01
1.975999999999999979e+00 5.498930019810557290e-01
1.977000000000000091e+00 5.149189224909723750e-01
1.977999999999999980e+00 4.803939526113077396e-01
1.979000000000000092e+00 4.466479018215616104e-01
1.979999999999999982e+00 4.139526371298549168e-01
1.981000000000000094e+00 3.825289213489790896e-01
1.981999999999999984e+00 3.525469839294048113e-01
1.983000000000000096e+00 3.241238809328571557e-01
1.983999999999999986e+00 2.973338800462737574e-01
1.985000000000000098e+00 2.722146069370516286e-01
1.985999999999999988e+00 2.487706922126292075e-01
1.987000000000000099e+00 2.269755954130794340e-01
1.987999999999999989e+00 2.067895113017142739e-01
1.989000000000000101e+00 1.881489568826211212e-01
1.989999999999999991e+00 1.710000000000000686e-01
1.991000000000000103e+00 1.552417784683174928e-01
1.991999999999999993e+00 1.408103380631666457e-01
1.993000000000000105e+00 1.276152273935000359e-01
1.993999999999999995e+00 1.155739942256745617e-01
1.995000000000000107e+00 1.045999999999999985e-01
1.995999999999999996e+00 9.460955783440842815e-02
1.997000000000000108e+00 8.553359013337881456e-02
1.997999999999999998e+00 7.729426130171426768e-02
1.999000000000000110e+00 6.981815169142434330e-02
2.000000000000000000e+00 6.304346944053966506e-02
2.000999999999999890e+00 5.691029467651370632e-02
2.002000000000000224e+00 5.136209590770426242e-02
2.003000000000000114e+00 4.633852439304762122e-02
2.004000000000000004e+00 4.180000000000001076e-02
2.004999999999999893e+00 3.770000000000001128e-02
2.006000000000000227e+00 3.399752735510534751e-02
2.007000000000000117e+00 3.065533313882539551e-02
2.008000000000000007e+00 2.763235208232170392e-02
2.008999999999999897e+00 2.490652963395823330e-02
2.010000000000000231e+00 2.245433313882539555e-02
2.011000000000000121e+00 2.023235208232169666e-02
2.012000000000000011e+00 1.823235208232169141e-02
2.012999999999999901e+00 1.643037127636295947e-02
2.014000000000000234e+00 1.480439941257142601e-02
2.015000000000000124e+00 1.333852439304761273e-02
2.016000000000000014e+00 1.201877669142432936e-02
2.016999999999999904e+00 1.082876016525184323e-02
2.018000000000000238e+00 9.758629501668784206e-03
2.019000000000000128e+00 8.790697081728044565e-03
2.020000000000000018e+00 7.917226140367196463e-03
2.020999999999999908e+00 7.132352082321701328e-03
2.022000000000000242e+00 6.426283552103210887e-03
2.023000000000000131e+00 5.790339938870897943e-03
2.024000000000000021e+00 5.213250941954503115e-03
2.024999999999999911e+00 4.699750000000001669e-03
2.026000000000000245e+00 4.230996276362955846e-03
2.027000000000000135e+00 3.810044676513716418e-03
2.028000000000000025e+00 3.432352082321702465e-03
2.028999999999999915e+00 3.094261301714282958e-03
2.030000000000000249e+00 2.787043175692555021e-03
2.031000000000000139e+00 2.507657084938626386e-03
2.032000000000000028e+00 2.261475606952387425e-03
2.032999999999999918e+00 2.034526641315340285e-03
2.034000000000000252e+00 1.832352082321703473e-03
2.035000000000000142e+00 1.655333138825398594e-03
2.036000000000000032e+00 1.489955323486283388e-03
2.036999999999999922e+00 1.338524393047612910e-03
2.038000000000000256e+00 1.205738698285718346e-03
2.039000000000000146e+00 1.088038656819616864e-03
2.040000000000000036e+00 9.812233085756696081e-04
2.040999999999999925e+00 8.831310024899422786e-04
2.042000000000000259e+00 7.961561429841226009e-04
2.043000000000000149e+00 7.140634419545023159e-04
2.044000000000000039e+00 6.425527738730137496e-04
2.044999999999999929e+00 5.818857017380623829e-04
2.046000000000000263e+00 5.212188069068876030e-04
2.047000000000000153e+00 4.719196593095588313e-04
2.048000000000000043e+00 4.218152981349575573e-04
2.048999999999999932e+00 3.831310024899420514e-04
2.049999999999999822e+00 3.422896159782769189e-04
2.051000000000000156e+00 3.093029182719585408e-04
2.052000000000000046e+00 2.809291909286105071e-04
2.052999999999999936e+00 2.553331388253989335e-04
2.053999999999999826e+00 2.265776697502703760e-04
2.055000000000000160e+00 2.024726448946649409e-04
2.056000000000000050e+00 1.859365580454976053e-04
2.056999999999999940e+00 1.673847597835600911e-04
2.057999999999999829e+00 1.446668611746010857e-04
2.059000000000000163e+00 1.326152402164399368e-04
2.060000000000000053e+00 1.194874757380562385e-04
2.060999999999999943e+00 1.076570849386251872e-04
2.061999999999999833e+00 9.999999999999993703e-05
2.063000000000000167e+00 9.033993887089860481e-05
2.064000000000000057e+00 8.122330857566928040e-05
2.064999999999999947e+00 7.191965930955869014e-05
2.065999999999999837e+00 6.618764439894470855e-05
2.067000000000000171e+00 5.959745038673058126e-05
2.068000000000000060e+00 5.533313882539888328e-05
2.068999999999999950e+00 4.441686117460110189e-05
2.069999999999999840e+00 4.103716499788481471e-05
2.071000000000000174e+00 3.734853674017760822e-05
2.072000000000000064e+00 3.292774021643990576e-05
2.072999999999999954e+00 3.037127636295593479e-05
2.073999999999999844e+00 2.776784069044131722e-05
2.075000000000000178e+00 2.628355210321154628e-05
2.076000000000000068e+00 2.121880690688740284e-05
2.076999999999999957e+00 1.877669142433074811e-05
2.077999999999999847e+00 1.748929826193758324e-05
2.079000000000000181e+00 1.573010862116899176e-05
2.080000000000000071e+00 1.325094195450232864e-05
2.080999999999999961e+00 1.222450107512027127e-05
2.081999999999999851e+00 1.004467651371676137e-05
2.083000000000000185e+00 9.660061129101376269e-06
2.084000000000000075e+00 7.969584938625186651e-06
2.084999999999999964e+00 7.657084938625185832e-06
2.085999999999999854e+00 6.251856180455253196e-06
2.087000000000000188e+00 5.738698285718409540e-06
2.088000000000000078e+00 5.024412571432695438e-06
2.088999999999999968e+00 4.399412571432695493e-06
2.089999999999999858e+00 3.843857015877139233e-06
2.091000000000000192e+00 3.343857015877139785e-06
2.092000000000000082e+00 2.889311561331685318e-06
2.092999999999999972e+00 2.472644894665018547e-06
2.093999999999999861e+00 1.730886652906776604e-06
2.095000000000000195e+00 1.397553319573443357e-06
2.096000000000000085e+00 7.909356725146198804e-07
2.096999999999999975e+00 2.500000000000000416e-07
2.097999999999999865e+00 0.000000000000000000e+00
2.099000000000000199e+00 0.000000000000000000e+00
2.100000000000000089e+00 0.000000000000000000e+00
2.100999999999999979e+00 0.000000000000000000e+00
2.101999999999999869e+00 0.000000000000000000e+00
2.103000000000000203e+00 0.000000000000000000e+00
2.104000000000000092e+00 0.000000000000000000e+00
2.104999999999999982e+00 0.000000000000000000e+00
2.105999999999999872e+00 0.000000000000000000e+00
2.107000000000000206e+00 0.000000000000000000e+00
2.108000000000000096e+00 0.000000000000000000e+00
2.108999999999999986e+00 0.000000000000000000e+00
2.109999999999999876e+00 0.000000000000000000e+00
2.111000000000000210e+00 0.000000000000000000e+00
2.112000000000000099e+00 0.000000000000000000e+00
2.112999999999999989e+00 0.000000000000000000e+00
2.113999999999999879e+00 0.000000000000000000e+00
2.115000000000000213e+00 0.000000000000000000e+00
2.116000000000000103e+00 0.000000000000000000e+00
2.116999999999999993e+00 0.000000000000000000e+00
2.117999999999999883e+00 0.000000000000000000e+00
2.119000000000000217e+00 0.000000000000000000e+00
2.120000000000000107e+00 0.000000000000000000e+00
2.120999999999999996e+00 0.000000000000000000e+00
2.121999999999999886e+00 0.000000000000000000e+00
2.123000000000000220e+00 0.000000000000000000e+00
2.124000000000000110e+00 0.000000000000000000e+00
2.125000000000000000e+00 0.000000000000000000e+00
2.125999999999999890e+00 0.000000000000000000e+00
2.127000000000000224e+00 0.000000000000000000e+00
2.128000000000000114e+00 0.000000000000000000e+00
2.129000000000000004e+00 0.000000000000000000e+00
2.129999999999999893e+00 0.000000000000000000e+00
2.131000000000000227e+00 0.000000000000000000e+00
2.132000000000000117e+00 0.000000000000000000e+00
2.133000000000000007e+00 0.000000000000000000e+00
2.133999999999999897e+00 0.000000000000000000e+00
2.135000000000000231e+00 0.000000000000000000e+00
2.136000000000000121e+00 0.000000000000000000e+00
2.137000000000000011e+00 0.000000000000000000e+00
2.137999999999999901e+00 0.000000000000000000e+00
2.139000000000000234e+00 0.000000000000000000e+00
2.140000000000000124e+00 0.000000000000000000e+00
2.141000000000000014e+00 0.000000000000000000e+00
2.141999999999999904e+00 0.000000000000000000e+00
2.143000000000000238e+00 0.000000000000000000e+00
2.144000000000000128e+00 0.000000000000000000e+00
2.145000000000000018e+00 0.000000000000000000e+00
2.145999999999999908e+00 0.000000000000000000e+00
2.147000000000000242e+00 0.000000000000000000e+00
2.148000000000000131e+00 0.000000000000000000e+00
2.149000000000000021e+00 0.000000000000000000e+00
2.149999999999999911e+00 0.000000000000000000e+00
2.151000000000000245e+00 0.000000000000000000e+00
2.152000000000000135e+00 0.000000000000000000e+00
2.153000000000000025e+00 0.000000000000000000e+00
2.153999999999999915e+00 0.000000000000000000e+00
2.155000000000000249e+00 0.000000000000000000e+00
2.156000000000000139e+00 0.000000000000000000e+00
2.157000000000000028e+00 0.000000000000000000e+00
2.157999999999999918e+00 0.000000000000000000e+00
2.159000000000000252e+00 0.000000000000000000e+00
2.160000000000000142e+00 0.000000000000000000e+00
2.161000000000000032e+00 0.000000000000000000e+00
2.161999999999999922e+00 0.000000000000000000e+00
2.163000000000000256e+00 0.000000000000000000e+00
2.164000000000000146e+00 0.000000000000000000e+00
2.165000000000000036e+00 0.000000000000000000e+00
2.165999999999999925e+00 0.000000000000000000e+00
2.167000000000000259e+00 0.000000000000000000e+00
2.168000000000000149e+00 0.000000000000000000e+00
2.169000000000000039e+00 0.000000000000000000e+00
2.169999999999999929e+00 0.000000000000000000e+00
2.171000000000000263e+00 0.000000000000000000e+00
2.172000000000000153e+00 0.000000000000000000e+00
2.173000000000000043e+00 0.000000000000000000e+00
2.173999999999999932e+00 0.000000000000000000e+00
2.175000000000000266e+00 0.000000000000000000e+00
2.176000000000000156e+00 0.000000000000000000e+00
2.177000000000000046e+00 0.000000000000000000e+00
2.177999999999999936e+00 0.000000000000000000e+00
2.178999999999999826e+00 0.000000000000000000e+00
2.180000000000000160e+00 0.000000000000000000e+00
2.181000000000000050e+00 0.000000000000000000e+00
2.181999999999999940e+00 0.000000000000000000e+00
2.182999999999999829e+00 0.000000000000000000e+00
2.184000000000000163e+00 0.000000000000000000e+00
2.185000000000000053e+00 0.000000000000000000e+00
2.185999999999999943e+00 0.000000000000000000e+00
2.186999999999999833e+00 0.000000000000000000e+00
2.188000000000000167e+00 0.000000000000000000e+00
2.189000000000000057e+00 0.000000000000000000e+00
2.189999999999999947e+00 0.000000000000000000e+00
2.190999999999999837e+00 0.000000000000000000e+00
2.192000000000000171e+00 0.000000000000000000e+00
2.193000000000000060e+00 0.000000000000000000e+00
2.193999999999999950e+00 0.000000000000000000e+00
2.194999999999999840e+00 0.000000000000000000e+00
2.196000000000000174e+00 0.000000000000000000e+00
2.197000000000000064e+00 0.000000000000000000e+00
2.197999999999999954e+00 0.000000000000000000e+00
2.198999999999999844e+00 0.000000000000000000e+00
2.200000000000000178e+00 0.000000000000000000e+00
2.201000000000000068e+00 0.000000000000000000e+00
2.201999999999999957e+00 0.000000000000000000e+00
2.202999999999999847e+00 0.000000000000000000e+00
2.204000000000000181e+00 0.000000000000000000e+00
2.205000000000000071e+00 0.000000000000000000e+00
2.205999999999999961e+00 0.000000000000000000e+00
2.206999999999999851e+00 0.000000000000000000e+00
2.208000000000000185e+00 0.000000000000000000e+00
2.209000000000000075e+00 0.000000000000000000e+00
2.209999999999999964e+00 0.000000000000000000e+00
2.210999999999999854e+00 0.000000000000000000e+00
2.212000000000000188e+00 0.000000000000000000e+00
2.213000000000000078e+00 0.000000000000000000e+00
2.213999999999999968e+00 0.000000000000000000e+00
