# Generated from: _simion81_dt1-7_center_potential.txt
# Nonzero potential between : 1.283 2.097
1.165999999999999925e+00 0.000000000000000000e+00
1.167000000000000037e+00 0.000000000000000000e+00
1.167999999999999927e+00 0.000000000000000000e+00
1.169000000000000039e+00 0.000000000000000000e+00
1.169999999999999929e+00 0.000000000000000000e+00
1.171000000000000041e+00 0.000000000000000000e+00
1.171999999999999931e+00 0.000000000000000000e+00
1.173000000000000043e+00 0.000000000000000000e+00
1.173999999999999932e+00 0.000000000000000000e+00
1.175000000000000044e+00 0.000000000000000000e+00
1.175999999999999934e+00 0.000000000000000000e+00
1.177000000000000046e+00 0.000000000000000000e+00
1.177999999999999936e+00 0.000000000000000000e+00
1.179000000000000048e+00 0.000000000000000000e+00
1.179999999999999938e+00 0.000000000000000000e+00
1.181000000000000050e+00 0.000000000000000000e+00
1.181999999999999940e+00 0.000000000000000000e+00
1.183000000000000052e+00 0.000000000000000000e+00
1.183999999999999941e+00 0.000000000000000000e+00
1.185000000000000053e+00 0.000000000000000000e+00
1.185999999999999943e+00 0.000000000000000000e+00
1.187000000000000055e+00 0.000000000000000000e+00
1.187999999999999945e+00 0.000000000000000000e+00
1.189000000000000057e+00 0.000000000000000000e+00
1.189999999999999947e+00 0.000000000000000000e+00
1.191000000000000059e+00 0.000000000000000000e+00
1.191999999999999948e+00 0.000000000000000000e+00
1.193000000000000060e+00 0.000000000000000000e+00
1.193999999999999950e+00 0.000000000000000000e+00
1.195000000000000062e+00 0.000000000000000000e+00
1.195999999999999952e+00 0.000000000000000000e+00
1.197000000000000064e+00 0.000000000000000000e+00
1.197999999999999954e+00 0.000000000000000000e+00
1.199000000000000066e+00 0.000000000000000000e+00
1.199999999999999956e+00 0.000000000000000000e+00
1.201000000000000068e+00 0.000000000000000000e+00
1.201999999999999957e+00 0.000000000000000000e+00
1.203000000000000069e+00 0.000000000000000000e+00
1.203999999999999959e+00 0.000000000000000000e+00
1.205000000000000071e+00 0.000000000000000000e+00
1.205999999999999961e+00 0.000000000000000000e+00
1.207000000000000073e+00 0.000000000000000000e+00
1.207999999999999963e+00 0.000000000000000000e+00
1.209000000000000075e+00 0.000000000000000000e+00
1.209999999999999964e+00 0.000000000000000000e+00
1.211000000000000076e+00 0.000000000000000000e+00
1.211999999999999966e+00 0.000000000000000000e+00
1.213000000000000078e+00 0.000000000000000000e+00
1.213999999999999968e+00 0.000000000000000000e+00
1.215000000000000080e+00 0.000000000000000000e+00
1.215999999999999970e+00 0.000000000000000000e+00
1.217000000000000082e+00 0.000000000000000000e+00
1.217999999999999972e+00 0.000000000000000000e+00
1.219000000000000083e+00 0.000000000000000000e+00
1.219999999999999973e+00 0.000000000000000000e+00
1.221000000000000085e+00 0.000000000000000000e+00
1.221999999999999975e+00 0.000000000000000000e+00
1.223000000000000087e+00 0.000000000000000000e+00
1.223999999999999977e+00 0.000000000000000000e+00
1.225000000000000089e+00 0.000000000000000000e+00
1.225999999999999979e+00 0.000000000000000000e+00
1.227000000000000091e+00 0.000000000000000000e+00
1.227999999999999980e+00 0.000000000000000000e+00
1.229000000000000092e+00 0.000000000000000000e+00
1.229999999999999982e+00 0.000000000000000000e+00
1.231000000000000094e+00 0.000000000000000000e+00
1.231999999999999984e+00 0.000000000000000000e+00
1.233000000000000096e+00 0.000000000000000000e+00
1.233999999999999986e+00 0.000000000000000000e+00
1.235000000000000098e+00 0.000000000000000000e+00
1.235999999999999988e+00 0.000000000000000000e+00
1.237000000000000099e+00 0.000000000000000000e+00
1.237999999999999989e+00 0.000000000000000000e+00
1.239000000000000101e+00 0.000000000000000000e+00
1.239999999999999991e+00 0.000000000000000000e+00
1.241000000000000103e+00 0.000000000000000000e+00
1.241999999999999993e+00 0.000000000000000000e+00
1.243000000000000105e+00 0.000000000000000000e+00
1.243999999999999995e+00 0.000000000000000000e+00
1.245000000000000107e+00 0.000000000000000000e+00
1.245999999999999996e+00 0.000000000000000000e+00
1.247000000000000108e+00 0.000000000000000000e+00
1.247999999999999998e+00 0.000000000000000000e+00
1.249000000000000110e+00 0.000000000000000000e+00
1.250000000000000000e+00 0.000000000000000000e+00
1.251000000000000112e+00 0.000000000000000000e+00
1.252000000000000002e+00 0.000000000000000000e+00
1.253000000000000114e+00 0.000000000000000000e+00
1.254000000000000004e+00 0.000000000000000000e+00
1.255000000000000115e+00 0.000000000000000000e+00
1.256000000000000005e+00 0.000000000000000000e+00
1.257000000000000117e+00 0.000000000000000000e+00
1.258000000000000007e+00 0.000000000000000000e+00
1.259000000000000119e+00 0.000000000000000000e+00
1.260000000000000009e+00 0.000000000000000000e+00
1.261000000000000121e+00 0.000000000000000000e+00
1.262000000000000011e+00 0.000000000000000000e+00
1.263000000000000123e+00 0.000000000000000000e+00
1.264000000000000012e+00 0.000000000000000000e+00
1.265000000000000124e+00 0.000000000000000000e+00
1.266000000000000014e+00 0.000000000000000000e+00
1.267000000000000126e+00 0.000000000000000000e+00
1.268000000000000016e+00 0.000000000000000000e+00
1.269000000000000128e+00 0.000000000000000000e+00
1.270000000000000018e+00 0.000000000000000000e+00
1.271000000000000130e+00 0.000000000000000000e+00
1.272000000000000020e+00 0.000000000000000000e+00
1.273000000000000131e+00 0.000000000000000000e+00
1.274000000000000021e+00 0.000000000000000000e+00
1.275000000000000133e+00 0.000000000000000000e+00
1.276000000000000023e+00 0.000000000000000000e+00
1.277000000000000135e+00 0.000000000000000000e+00
1.278000000000000025e+00 0.000000000000000000e+00
1.279000000000000137e+00 0.000000000000000000e+00
1.280000000000000027e+00 0.000000000000000000e+00
1.280999999999999917e+00 0.000000000000000000e+00
1.282000000000000028e+00 0.000000000000000000e+00
1.282999999999999918e+00 5.131578947368421740e-07
1.284000000000000030e+00 1.085053319573443384e-06
1.284999999999999920e+00 1.397553319573443357e-06
1.286000000000000032e+00 2.088029510049633867e-06
1.286999999999999922e+00 2.472644894665018547e-06
1.288000000000000034e+00 2.889311561331685318e-06
1.288999999999999924e+00 3.343857015877139785e-06
1.290000000000000036e+00 3.843857015877139233e-06
1.290999999999999925e+00 4.399412571432695493e-06
1.292000000000000037e+00 5.024412571432695438e-06
1.292999999999999927e+00 5.738698285718409540e-06
1.294000000000000039e+00 6.251856180455253196e-06
1.294999999999999929e+00 7.657084938625185832e-06
1.296000000000000041e+00 8.969584938625187241e-06
1.296999999999999931e+00 9.660061129101376269e-06
1.298000000000000043e+00 1.004467651371676137e-05
1.298999999999999932e+00 1.222450107512027127e-05
1.300000000000000044e+00 1.375094195450232724e-05
1.300999999999999934e+00 1.661899751005788719e-05
1.302000000000000046e+00 1.748929826193758324e-05
1.302999999999999936e+00 1.907080907138957162e-05
1.304000000000000048e+00 2.121880690688740284e-05
1.304999999999999938e+00 2.628355210321154628e-05
1.306000000000000050e+00 2.808034069044131466e-05
1.306999999999999940e+00 3.099627636295592965e-05
1.308000000000000052e+00 3.381235560105529624e-05
1.308999999999999941e+00 3.790409229573316448e-05
1.310000000000000053e+00 4.103716499788481471e-05
1.310999999999999943e+00 4.466686117460110119e-05
1.312000000000000055e+00 5.617341660317665136e-05
1.312999999999999945e+00 6.070856149784168701e-05
1.314000000000000057e+00 6.707225978356011259e-05
1.314999999999999947e+00 7.303771486511424652e-05
1.316000000000000059e+00 8.150108635344704836e-05
1.316999999999999948e+00 9.069708172804145127e-05
1.318000000000000060e+00 9.999999999999993703e-05
1.318999999999999950e+00 1.093029182719585041e-04
1.320000000000000062e+00 1.207642614523419383e-04
1.320999999999999952e+00 1.348044190931188026e-04
1.322000000000000064e+00 1.553331388253988881e-04
1.322999999999999954e+00 1.681920353253557642e-04
1.324000000000000066e+00 1.873209534703342504e-04
1.324999999999999956e+00 2.050244125714326322e-04
1.326000000000000068e+00 2.287601652518448671e-04
1.326999999999999957e+00 2.569472261269861594e-04
1.328000000000000069e+00 2.833810024899422017e-04
1.328999999999999959e+00 3.129568243074434602e-04
1.330000000000000071e+00 3.446668611746009597e-04
1.330999999999999961e+00 3.880386568196165999e-04
1.332000000000000073e+00 4.290934985851782633e-04
1.332999999999999963e+00 4.792357385476580904e-04
1.334000000000000075e+00 5.300934985851781705e-04
1.334999999999999964e+00 5.899553234862831962e-04
1.336000000000000076e+00 6.561734166031765649e-04
1.336999999999999966e+00 7.237835521032114344e-04
1.338000000000000078e+00 8.038438570158771505e-04
1.338999999999999968e+00 8.956005874285676797e-04
1.340000000000000080e+00 9.940113017142819703e-04
1.340999999999999970e+00 1.099999999999999199e-03
1.342000000000000082e+00 1.221218806906887271e-03
1.342999999999999972e+00 1.359597450386730447e-03
1.344000000000000083e+00 1.505988698285718515e-03
1.344999999999999973e+00 1.673716447896788457e-03
1.346000000000000085e+00 1.859597450386730241e-03
1.346999999999999975e+00 2.064862247573547374e-03
1.348000000000000087e+00 2.292030415061373748e-03
1.348999999999999977e+00 2.540787164997884793e-03
1.350000000000000089e+00 2.820514261452341642e-03
1.350999999999999979e+00 3.132352082321702980e-03
1.352000000000000091e+00 3.480512524261944463e-03
1.352999999999999980e+00 3.862651463259823663e-03
1.354000000000000092e+00 4.288038656819617017e-03
1.354999999999999982e+00 4.761163106952385864e-03
1.356000000000000094e+00 5.283381002489942468e-03
1.356999999999999984e+00 5.866187644398944932e-03
1.358000000000000096e+00 6.509302918271960003e-03
1.358999999999999986e+00 7.226962285134886158e-03
1.360000000000000098e+00 8.020514261452341837e-03
1.360999999999999988e+00 8.903343857015874260e-03
1.362000000000000099e+00 9.885936558045493178e-03
1.362999999999999989e+00 1.097191965930956019e-02
1.364000000000000101e+00 1.217878119309311231e-02
1.364999999999999991e+00 1.351375094195450197e-02
1.366000000000000103e+00 1.500000000000000985e-02
1.366999999999999993e+00 1.664346944053968561e-02
1.368000000000000105e+00 1.847278771486512289e-02
1.368999999999999995e+00 2.049948684210525437e-02
1.370000000000000107e+00 2.274103716499788902e-02
1.370999999999999996e+00 2.523210208232170085e-02
1.372000000000000108e+00 2.799347036604176581e-02
1.372999999999999998e+00 3.104733352784128098e-02
1.374000000000000110e+00 3.443605441909312198e-02
1.375000000000000000e+00 3.818995532348628402e-02
1.376000000000000112e+00 4.234012477183549811e-02
1.377000000000000002e+00 4.693622108575978835e-02
1.378000000000000114e+00 5.201877669142433019e-02
1.379000000000000004e+00 5.763981227183549022e-02
1.380000000000000115e+00 6.385506998093065656e-02
1.381000000000000005e+00 7.070657203161903603e-02
1.382000000000000117e+00 7.827528771486511050e-02
1.383000000000000007e+00 8.661193861590762988e-02
1.384000000000000119e+00 9.579891494668049678e-02
1.385000000000000009e+00 1.059000000000000774e-01
1.386000000000000121e+00 1.170040864180753870e-01
1.387000000000000011e+00 1.291874365580455153e-01
1.388000000000000123e+00 1.425282237230434124e-01
1.389000000000000012e+00 1.571194106641767563e-01
1.390000000000000124e+00 1.730379155302042560e-01
1.391000000000000014e+00 1.903750176125260096e-01
1.392000000000000126e+00 2.091961726939426391e-01
1.393000000000000016e+00 2.295791234580692453e-01
1.394000000000000128e+00 2.515757936703174602e-01
1.395000000000000018e+00 2.752239045869205869e-01
1.396000000000000130e+00 3.005511893162092774e-01
1.397000000000000020e+00 3.275458152510974386e-01
1.398000000000000131e+00 3.561651052048441235e-01
1.399000000000000021e+00 3.863325494281903971e-01
1.400000000000000133e+00 4.179196227354087800e-01
1.401000000000000023e+00 4.507620881022141868e-01
1.402000000000000135e+00 4.846188715099185029e-01
1.403000000000000025e+00 5.192240381765851343e-01
1.404000000000000137e+00 5.542340910948569954e-01
1.405000000000000027e+00 5.892785673493065035e-01
1.406000000000000139e+00 6.239585033099639411e-01
1.407000000000000028e+00 6.578581721133829330e-01
1.407999999999999918e+00 6.905729000852518507e-01
1.409000000000000030e+00 7.217392887530427181e-01
1.409999999999999920e+00 7.510449011468189884e-01
1.411000000000000032e+00 7.782544936945794412e-01
1.411999999999999922e+00 8.032191440632381330e-01
1.413000000000000034e+00 8.258823674219231137e-01
1.413999999999999924e+00 8.462559841966171836e-01
1.415000000000000036e+00 8.644231545869205391e-01
1.415999999999999925e+00 8.805224500414661204e-01
1.417000000000000037e+00 8.947133780098474043e-01
1.417999999999999927e+00 9.071820333575951745e-01
1.419000000000000039e+00 9.181000000000001382e-01
1.419999999999999929e+00 9.276670722597835095e-01
1.421000000000000041e+00 9.360314508218179341e-01
1.421999999999999931e+00 9.433574472261266886e-01
1.423000000000000043e+00 9.497712398347479823e-01
1.423999999999999932e+00 9.554000000000000270e-01
1.425000000000000044e+00 9.603407871649979333e-01
1.425999999999999934e+00 9.646961561429844290e-01
1.427000000000000046e+00 9.685300934985852095e-01
1.427999999999999936e+00 9.719181142982618038e-01
1.429000000000000048e+00 9.749166189975099206e-01
1.429999999999999938e+00 9.775737164478970342e-01
1.431000000000000050e+00 9.799323520823218781e-01
1.431999999999999940e+00 9.820300934985853880e-01
1.433000000000000052e+00 9.838997499999990737e-01
1.433999999999999941e+00 9.855629455809069572e-01
1.435000000000000053e+00 9.870441390833963879e-01
1.435999999999999943e+00 9.883737164478969550e-01
1.437000000000000055e+00 9.895617387648473207e-01
1.437999999999999945e+00 9.906205142614525894e-01
1.439000000000000057e+00 9.915737164478967136e-01
1.439999999999999947e+00 9.924262835521032722e-01
1.441000000000000059e+00 9.931920304150615442e-01
1.441999999999999948e+00 9.938784478597598726e-01
1.443000000000000060e+00 9.944940113017137762e-01
1.443999999999999950e+00 9.950430527738728381e-01
1.445000000000000062e+00 9.955404025496132903e-01
1.445999999999999952e+00 9.959903399388705392e-01
1.447000000000000064e+00 9.963906970817282271e-01
1.447999999999999954e+00 9.967553331388249171e-01
1.449000000000000066e+00 9.970756847018650282e-01
1.449999999999999956e+00 9.973676479176786236e-01
1.451000000000000068e+00 9.976287601652517045e-01
1.451999999999999957e+00 9.978676479176782355e-01
1.453000000000000069e+00 9.980805125242623310e-01
1.453999999999999959e+00 9.982712398347477478e-01
1.455000000000000071e+00 9.984410371649978799e-01
1.455999999999999961e+00 9.986000000000003762e-01
1.457000000000000073e+00 9.987370544190931065e-01
1.457999999999999963e+00 9.988651955809071392e-01
1.459000000000000075e+00 9.989787811930931349e-01
1.459999999999999964e+00 9.990809291909286127e-01
1.461000000000000076e+00 9.991719196593097374e-01
1.461999999999999966e+00 9.992569472261271235e-01
1.463000000000000078e+00 9.993280803406902058e-01
1.463999999999999968e+00 9.993975273551060079e-01
1.465000000000000080e+00 9.994589628350020183e-01
1.465999999999999970e+00 9.995100446765139424e-01
1.467000000000000082e+00 9.995620959077043954e-01
1.467999999999999972e+00 9.996038438570161722e-01
1.469000000000000083e+00 9.996430527738725536e-01
1.469999999999999973e+00 9.996827738596328894e-01
1.471000000000000085e+00 9.997132509419545121e-01
1.471999999999999975e+00 9.997422896159779970e-01
1.473000000000000087e+00 9.997719196593092272e-01
1.473999999999999977e+00 9.997971106884391279e-01
1.475000000000000089e+00 9.998166189975103979e-01
1.475999999999999979e+00 9.998351377524263839e-01
1.477000000000000091e+00 9.998574472261267942e-01
1.477999999999999980e+00 9.998719196593095493e-01
1.479000000000000092e+00 9.998873209534704376e-01
1.479999999999999982e+00 9.998999999999995669e-01
1.481000000000000094e+00 9.999096600611290242e-01
1.481999999999999984e+00 9.999205142614524533e-01
1.483000000000000096e+00 9.999314508218175579e-01
1.483999999999999986e+00 9.999385243930477563e-01
1.485000000000000098e+00 9.999446668611742250e-01
1.485999999999999988e+00 9.999574472261267832e-01
1.487000000000000099e+00 9.999626514632596885e-01
1.487999999999999989e+00 9.999676479176781152e-01
1.489000000000000101e+00 9.999716565014142855e-01
1.489999999999999991e+00 9.999775497812301017e-01
1.491000000000000103e+00 9.999797982385476569e-01
1.491999999999999993e+00 9.999825107017377146e-01
1.493000000000000105e+00 9.999859365580453519e-01
1.493999999999999995e+00 9.999870431756925360e-01
1.495000000000000107e+00 9.999899553234861127e-01
1.495999999999999996e+00 9.999906970817280527e-01
1.497000000000000108e+00 9.999923429150612275e-01
1.497999999999999998e+00 9.999937481438194720e-01
1.499000000000000110e+00 9.999949755874286694e-01
1.500000000000000000e+00 9.999956005874286458e-01
1.501000000000000112e+00 9.999961561429842050e-01
1.502000000000000002e+00 9.999966561429841638e-01
1.503000000000000114e+00 9.999971106884387728e-01
1.504000000000000004e+00 9.999979119704900388e-01
1.505000000000000115e+00 9.999982691133471047e-01
1.506000000000000005e+00 9.999989149466804728e-01
1.507000000000000117e+00 9.999994868421051564e-01
1.508000000000000007e+00 1.000000000000000000e+00
1.509000000000000119e+00 1.000000000000000000e+00
1.510000000000000009e+00 1.000000000000000000e+00
1.511000000000000121e+00 1.000000000000000000e+00
1.512000000000000011e+00 1.000000000000000000e+00
1.513000000000000123e+00 1.000000000000000000e+00
1.514000000000000012e+00 1.000000000000000000e+00
1.515000000000000124e+00 1.000000000000000000e+00
1.516000000000000014e+00 1.000000000000000000e+00
1.517000000000000126e+00 1.000000000000000000e+00
1.518000000000000016e+00 1.000000000000000000e+00
1.519000000000000128e+00 1.000000000000000000e+00
1.520000000000000018e+00 1.000000000000000000e+00
1.521000000000000130e+00 1.000000000000000000e+00
1.522000000000000020e+00 1.000000000000000000e+00
1.523000000000000131e+00 1.000000000000000000e+00
1.524000000000000021e+00 1.000000000000000000e+00
1.525000000000000133e+00 1.000000000000000000e+00
1.526000000000000023e+00 1.000000000000000000e+00
1.527000000000000135e+00 1.000000000000000000e+00
1.528000000000000025e+00 1.000000000000000000e+00
1.529000000000000137e+00 1.000000000000000000e+00
1.530000000000000027e+00 1.000000000000000000e+00
1.531000000000000139e+00 1.000000000000000000e+00
1.532000000000000028e+00 1.000000000000000000e+00
1.533000000000000140e+00 1.000000000000000000e+00
1.534000000000000030e+00 1.000000000000000000e+00
1.535000000000000142e+00 1.000000000000000000e+00
1.536000000000000032e+00 1.000000000000000000e+00
1.536999999999999922e+00 1.000000000000000000e+00
1.538000000000000034e+00 1.000000000000000000e+00
1.538999999999999924e+00 1.000000000000000000e+00
1.540000000000000036e+00 1.000000000000000000e+00
1.540999999999999925e+00 1.000000000000000000e+00
1.542000000000000037e+00 1.000000000000000000e+00
1.542999999999999927e+00 1.000000000000000000e+00
1.544000000000000039e+00 1.000000000000000000e+00
1.544999999999999929e+00 1.000000000000000000e+00
1.546000000000000041e+00 1.000000000000000000e+00
1.546999999999999931e+00 1.000000000000000000e+00
1.548000000000000043e+00 1.000000000000000000e+00
1.548999999999999932e+00 1.000000000000000000e+00
1.550000000000000044e+00 1.000000000000000000e+00
1.550999999999999934e+00 1.000000000000000000e+00
1.552000000000000046e+00 1.000000000000000000e+00
1.552999999999999936e+00 1.000000000000000000e+00
1.554000000000000048e+00 1.000000000000000000e+00
1.554999999999999938e+00 1.000000000000000000e+00
1.556000000000000050e+00 1.000000000000000000e+00
1.556999999999999940e+00 1.000000000000000000e+00
1.558000000000000052e+00 1.000000000000000000e+00
1.558999999999999941e+00 1.000000000000000000e+00
1.560000000000000053e+00 1.000000000000000000e+00
1.560999999999999943e+00 1.000000000000000000e+00
1.562000000000000055e+00 1.000000000000000000e+00
1.562999999999999945e+00 1.000000000000000000e+00
1.564000000000000057e+00 1.000000000000000000e+00
1.564999999999999947e+00 1.000000000000000000e+00
1.566000000000000059e+00 1.000000000000000000e+00
1.566999999999999948e+00 1.000000000000000000e+00
1.568000000000000060e+00 1.000000000000000000e+00
1.568999999999999950e+00 1.000000000000000000e+00
1.570000000000000062e+00 1.000000000000000000e+00
1.570999999999999952e+00 1.000000000000000000e+00
1.572000000000000064e+00 1.000000000000000000e+00
1.572999999999999954e+00 1.000000000000000000e+00
1.574000000000000066e+00 1.000000000000000000e+00
1.574999999999999956e+00 1.000000000000000000e+00
1.576000000000000068e+00 1.000000000000000000e+00
1.576999999999999957e+00 1.000000000000000000e+00
1.578000000000000069e+00 1.000000000000000000e+00
1.578999999999999959e+00 1.000000000000000000e+00
1.580000000000000071e+00 1.000000000000000000e+00
1.580999999999999961e+00 1.000000000000000000e+00
1.582000000000000073e+00 1.000000000000000000e+00
1.582999999999999963e+00 1.000000000000000000e+00
1.584000000000000075e+00 1.000000000000000000e+00
1.584999999999999964e+00 1.000000000000000000e+00
1.586000000000000076e+00 1.000000000000000000e+00
1.586999999999999966e+00 1.000000000000000000e+00
1.588000000000000078e+00 1.000000000000000000e+00
1.588999999999999968e+00 1.000000000000000000e+00
1.590000000000000080e+00 1.000000000000000000e+00
1.590999999999999970e+00 1.000000000000000000e+00
1.592000000000000082e+00 1.000000000000000000e+00
1.592999999999999972e+00 1.000000000000000000e+00
1.594000000000000083e+00 1.000000000000000000e+00
1.594999999999999973e+00 1.000000000000000000e+00
1.596000000000000085e+00 1.000000000000000000e+00
1.596999999999999975e+00 1.000000000000000000e+00
1.598000000000000087e+00 1.000000000000000000e+00
1.598999999999999977e+00 1.000000000000000000e+00
1.600000000000000089e+00 1.000000000000000000e+00
1.600999999999999979e+00 1.000000000000000000e+00
1.602000000000000091e+00 1.000000000000000000e+00
1.602999999999999980e+00 1.000000000000000000e+00
1.604000000000000092e+00 1.000000000000000000e+00
1.604999999999999982e+00 1.000000000000000000e+00
1.606000000000000094e+00 1.000000000000000000e+00
1.606999999999999984e+00 1.000000000000000000e+00
1.608000000000000096e+00 1.000000000000000000e+00
1.608999999999999986e+00 1.000000000000000000e+00
1.610000000000000098e+00 1.000000000000000000e+00
1.610999999999999988e+00 1.000000000000000000e+00
1.612000000000000099e+00 1.000000000000000000e+00
1.612999999999999989e+00 1.000000000000000000e+00
1.614000000000000101e+00 1.000000000000000000e+00
1.614999999999999991e+00 1.000000000000000000e+00
1.616000000000000103e+00 1.000000000000000000e+00
1.616999999999999993e+00 1.000000000000000000e+00
1.618000000000000105e+00 1.000000000000000000e+00
1.618999999999999995e+00 1.000000000000000000e+00
1.620000000000000107e+00 1.000000000000000000e+00
1.620999999999999996e+00 1.000000000000000000e+00
1.622000000000000108e+00 1.000000000000000000e+00
1.622999999999999998e+00 1.000000000000000000e+00
1.624000000000000110e+00 1.000000000000000000e+00
1.625000000000000000e+00 1.000000000000000000e+00
1.626000000000000112e+00 1.000000000000000000e+00
1.627000000000000002e+00 1.000000000000000000e+00
1.628000000000000114e+00 1.000000000000000000e+00
1.629000000000000004e+00 1.000000000000000000e+00
1.630000000000000115e+00 1.000000000000000000e+00
1.631000000000000005e+00 1.000000000000000000e+00
1.632000000000000117e+00 1.000000000000000000e+00
1.633000000000000007e+00 1.000000000000000000e+00
1.634000000000000119e+00 1.000000000000000000e+00
1.635000000000000009e+00 1.000000000000000000e+00
1.636000000000000121e+00 1.000000000000000000e+00
1.637000000000000011e+00 1.000000000000000000e+00
1.638000000000000123e+00 1.000000000000000000e+00
1.639000000000000012e+00 1.000000000000000000e+00
1.640000000000000124e+00 1.000000000000000000e+00
1.641000000000000014e+00 1.000000000000000000e+00
1.642000000000000126e+00 1.000000000000000000e+00
1.643000000000000016e+00 1.000000000000000000e+00
1.644000000000000128e+00 1.000000000000000000e+00
1.645000000000000018e+00 1.000000000000000000e+00
1.646000000000000130e+00 1.000000000000000000e+00
1.647000000000000020e+00 1.000000000000000000e+00
1.648000000000000131e+00 1.000000000000000000e+00
1.649000000000000021e+00 1.000000000000000000e+00
1.650000000000000133e+00 1.000000000000000000e+00
1.651000000000000023e+00 1.000000000000000000e+00
1.652000000000000135e+00 1.000000000000000000e+00
1.653000000000000025e+00 1.000000000000000000e+00
1.654000000000000137e+00 1.000000000000000000e+00
1.655000000000000027e+00 1.000000000000000000e+00
1.656000000000000139e+00 1.000000000000000000e+00
1.657000000000000028e+00 1.000000000000000000e+00
1.658000000000000140e+00 1.000000000000000000e+00
1.659000000000000030e+00 1.000000000000000000e+00
1.660000000000000142e+00 1.000000000000000000e+00
1.661000000000000032e+00 1.000000000000000000e+00
1.662000000000000144e+00 1.000000000000000000e+00
1.663000000000000034e+00 1.000000000000000000e+00
1.664000000000000146e+00 1.000000000000000000e+00
1.665000000000000036e+00 1.000000000000000000e+00
1.665999999999999925e+00 1.000000000000000000e+00
1.667000000000000037e+00 1.000000000000000000e+00
1.667999999999999927e+00 1.000000000000000000e+00
1.669000000000000039e+00 1.000000000000000000e+00
1.669999999999999929e+00 1.000000000000000000e+00
1.671000000000000041e+00 1.000000000000000000e+00
1.671999999999999931e+00 1.000000000000000000e+00
1.673000000000000043e+00 1.000000000000000000e+00
1.673999999999999932e+00 1.000000000000000000e+00
1.675000000000000044e+00 1.000000000000000000e+00
1.675999999999999934e+00 1.000000000000000000e+00
1.677000000000000046e+00 1.000000000000000000e+00
1.677999999999999936e+00 1.000000000000000000e+00
1.679000000000000048e+00 1.000000000000000000e+00
1.679999999999999938e+00 1.000000000000000000e+00
1.681000000000000050e+00 1.000000000000000000e+00
1.681999999999999940e+00 1.000000000000000000e+00
1.683000000000000052e+00 1.000000000000000000e+00
1.683999999999999941e+00 1.000000000000000000e+00
1.685000000000000053e+00 1.000000000000000000e+00
1.685999999999999943e+00 1.000000000000000000e+00
1.687000000000000055e+00 1.000000000000000000e+00
1.687999999999999945e+00 1.000000000000000000e+00
1.689000000000000057e+00 1.000000000000000000e+00
1.689999999999999947e+00 1.000000000000000000e+00
1.691000000000000059e+00 1.000000000000000000e+00
1.691999999999999948e+00 1.000000000000000000e+00
1.693000000000000060e+00 1.000000000000000000e+00
1.693999999999999950e+00 1.000000000000000000e+00
1.695000000000000062e+00 1.000000000000000000e+00
1.695999999999999952e+00 1.000000000000000000e+00
1.697000000000000064e+00 1.000000000000000000e+00
1.697999999999999954e+00 1.000000000000000000e+00
1.699000000000000066e+00 1.000000000000000000e+00
1.699999999999999956e+00 1.000000000000000000e+00
1.701000000000000068e+00 1.000000000000000000e+00
1.701999999999999957e+00 1.000000000000000000e+00
1.703000000000000069e+00 1.000000000000000000e+00
1.703999999999999959e+00 1.000000000000000000e+00
1.705000000000000071e+00 1.000000000000000000e+00
1.705999999999999961e+00 1.000000000000000000e+00
1.707000000000000073e+00 1.000000000000000000e+00
1.707999999999999963e+00 1.000000000000000000e+00
1.709000000000000075e+00 1.000000000000000000e+00
1.709999999999999964e+00 1.000000000000000000e+00
1.711000000000000076e+00 1.000000000000000000e+00
1.711999999999999966e+00 1.000000000000000000e+00
1.713000000000000078e+00 1.000000000000000000e+00
1.713999999999999968e+00 1.000000000000000000e+00
1.715000000000000080e+00 1.000000000000000000e+00
1.715999999999999970e+00 1.000000000000000000e+00
1.717000000000000082e+00 1.000000000000000000e+00
1.717999999999999972e+00 1.000000000000000000e+00
1.719000000000000083e+00 1.000000000000000000e+00
1.719999999999999973e+00 1.000000000000000000e+00
1.721000000000000085e+00 1.000000000000000000e+00
1.721999999999999975e+00 1.000000000000000000e+00
1.723000000000000087e+00 1.000000000000000000e+00
1.723999999999999977e+00 1.000000000000000000e+00
1.725000000000000089e+00 1.000000000000000000e+00
1.725999999999999979e+00 1.000000000000000000e+00
1.727000000000000091e+00 1.000000000000000000e+00
1.727999999999999980e+00 1.000000000000000000e+00
1.729000000000000092e+00 1.000000000000000000e+00
1.729999999999999982e+00 1.000000000000000000e+00
1.731000000000000094e+00 1.000000000000000000e+00
1.731999999999999984e+00 1.000000000000000000e+00
1.733000000000000096e+00 1.000000000000000000e+00
1.733999999999999986e+00 1.000000000000000000e+00
1.735000000000000098e+00 1.000000000000000000e+00
1.735999999999999988e+00 1.000000000000000000e+00
1.737000000000000099e+00 1.000000000000000000e+00
1.737999999999999989e+00 1.000000000000000000e+00
1.739000000000000101e+00 1.000000000000000000e+00
1.739999999999999991e+00 1.000000000000000000e+00
1.741000000000000103e+00 1.000000000000000000e+00
1.741999999999999993e+00 1.000000000000000000e+00
1.743000000000000105e+00 1.000000000000000000e+00
1.743999999999999995e+00 1.000000000000000000e+00
1.745000000000000107e+00 1.000000000000000000e+00
1.745999999999999996e+00 1.000000000000000000e+00
1.747000000000000108e+00 1.000000000000000000e+00
1.747999999999999998e+00 1.000000000000000000e+00
1.749000000000000110e+00 1.000000000000000000e+00
1.750000000000000000e+00 1.000000000000000000e+00
1.751000000000000112e+00 1.000000000000000000e+00
1.752000000000000002e+00 1.000000000000000000e+00
1.753000000000000114e+00 1.000000000000000000e+00
1.754000000000000004e+00 1.000000000000000000e+00
1.755000000000000115e+00 1.000000000000000000e+00
1.756000000000000005e+00 1.000000000000000000e+00
1.757000000000000117e+00 1.000000000000000000e+00
1.758000000000000007e+00 1.000000000000000000e+00
1.759000000000000119e+00 1.000000000000000000e+00
1.760000000000000009e+00 1.000000000000000000e+00
1.761000000000000121e+00 1.000000000000000000e+00
1.762000000000000011e+00 1.000000000000000000e+00
1.763000000000000123e+00 1.000000000000000000e+00
1.764000000000000012e+00 1.000000000000000000e+00
1.765000000000000124e+00 1.000000000000000000e+00
1.766000000000000014e+00 1.000000000000000000e+00
1.767000000000000126e+00 1.000000000000000000e+00
1.768000000000000016e+00 1.000000000000000000e+00
1.769000000000000128e+00 1.000000000000000000e+00
1.770000000000000018e+00 1.000000000000000000e+00
1.771000000000000130e+00 1.000000000000000000e+00
1.772000000000000020e+00 1.000000000000000000e+00
1.773000000000000131e+00 1.000000000000000000e+00
1.774000000000000021e+00 1.000000000000000000e+00
1.775000000000000133e+00 1.000000000000000000e+00
1.776000000000000023e+00 1.000000000000000000e+00
1.777000000000000135e+00 1.000000000000000000e+00
1.778000000000000025e+00 1.000000000000000000e+00
1.779000000000000137e+00 1.000000000000000000e+00
1.780000000000000027e+00 1.000000000000000000e+00
1.781000000000000139e+00 1.000000000000000000e+00
1.782000000000000028e+00 1.000000000000000000e+00
1.783000000000000140e+00 1.000000000000000000e+00
1.784000000000000030e+00 1.000000000000000000e+00
1.785000000000000142e+00 1.000000000000000000e+00
1.786000000000000032e+00 1.000000000000000000e+00
1.787000000000000144e+00 1.000000000000000000e+00
1.788000000000000034e+00 1.000000000000000000e+00
1.789000000000000146e+00 1.000000000000000000e+00
1.790000000000000036e+00 1.000000000000000000e+00
1.791000000000000147e+00 1.000000000000000000e+00
1.792000000000000037e+00 1.000000000000000000e+00
1.792999999999999927e+00 1.000000000000000000e+00
1.794000000000000039e+00 1.000000000000000000e+00
1.794999999999999929e+00 1.000000000000000000e+00
1.796000000000000041e+00 1.000000000000000000e+00
1.796999999999999931e+00 1.000000000000000000e+00
1.798000000000000043e+00 1.000000000000000000e+00
1.798999999999999932e+00 1.000000000000000000e+00
1.800000000000000044e+00 1.000000000000000000e+00
1.800999999999999934e+00 1.000000000000000000e+00
1.802000000000000046e+00 1.000000000000000000e+00
1.802999999999999936e+00 1.000000000000000000e+00
1.804000000000000048e+00 1.000000000000000000e+00
1.804999999999999938e+00 1.000000000000000000e+00
1.806000000000000050e+00 1.000000000000000000e+00
1.806999999999999940e+00 1.000000000000000000e+00
1.808000000000000052e+00 1.000000000000000000e+00
1.808999999999999941e+00 1.000000000000000000e+00
1.810000000000000053e+00 1.000000000000000000e+00
1.810999999999999943e+00 1.000000000000000000e+00
1.812000000000000055e+00 1.000000000000000000e+00
1.812999999999999945e+00 1.000000000000000000e+00
1.814000000000000057e+00 1.000000000000000000e+00
1.814999999999999947e+00 1.000000000000000000e+00
1.816000000000000059e+00 1.000000000000000000e+00
1.816999999999999948e+00 1.000000000000000000e+00
1.818000000000000060e+00 1.000000000000000000e+00
1.818999999999999950e+00 1.000000000000000000e+00
1.820000000000000062e+00 1.000000000000000000e+00
1.820999999999999952e+00 1.000000000000000000e+00
1.822000000000000064e+00 1.000000000000000000e+00
1.822999999999999954e+00 1.000000000000000000e+00
1.824000000000000066e+00 1.000000000000000000e+00
1.824999999999999956e+00 1.000000000000000000e+00
1.826000000000000068e+00 1.000000000000000000e+00
1.826999999999999957e+00 1.000000000000000000e+00
1.828000000000000069e+00 1.000000000000000000e+00
1.828999999999999959e+00 1.000000000000000000e+00
1.830000000000000071e+00 1.000000000000000000e+00
1.830999999999999961e+00 1.000000000000000000e+00
1.832000000000000073e+00 1.000000000000000000e+00
1.832999999999999963e+00 1.000000000000000000e+00
1.834000000000000075e+00 1.000000000000000000e+00
1.834999999999999964e+00 1.000000000000000000e+00
1.836000000000000076e+00 1.000000000000000000e+00
1.836999999999999966e+00 1.000000000000000000e+00
1.838000000000000078e+00 1.000000000000000000e+00
1.838999999999999968e+00 1.000000000000000000e+00
1.840000000000000080e+00 1.000000000000000000e+00
1.840999999999999970e+00 1.000000000000000000e+00
1.842000000000000082e+00 1.000000000000000000e+00
1.842999999999999972e+00 1.000000000000000000e+00
1.844000000000000083e+00 1.000000000000000000e+00
1.844999999999999973e+00 1.000000000000000000e+00
1.846000000000000085e+00 1.000000000000000000e+00
1.846999999999999975e+00 1.000000000000000000e+00
1.848000000000000087e+00 1.000000000000000000e+00
1.848999999999999977e+00 1.000000000000000000e+00
1.850000000000000089e+00 1.000000000000000000e+00
1.850999999999999979e+00 1.000000000000000000e+00
1.852000000000000091e+00 1.000000000000000000e+00
1.852999999999999980e+00 1.000000000000000000e+00
1.854000000000000092e+00 1.000000000000000000e+00
1.854999999999999982e+00 1.000000000000000000e+00
1.856000000000000094e+00 1.000000000000000000e+00
1.856999999999999984e+00 1.000000000000000000e+00
1.858000000000000096e+00 1.000000000000000000e+00
1.858999999999999986e+00 1.000000000000000000e+00
1.860000000000000098e+00 1.000000000000000000e+00
1.860999999999999988e+00 1.000000000000000000e+00
1.862000000000000099e+00 1.000000000000000000e+00
1.862999999999999989e+00 1.000000000000000000e+00
1.864000000000000101e+00 1.000000000000000000e+00
1.864999999999999991e+00 1.000000000000000000e+00
1.866000000000000103e+00 1.000000000000000000e+00
1.866999999999999993e+00 1.000000000000000000e+00
1.868000000000000105e+00 1.000000000000000000e+00
1.868999999999999995e+00 1.000000000000000000e+00
1.870000000000000107e+00 1.000000000000000000e+00
1.870999999999999996e+00 1.000000000000000000e+00
1.872000000000000108e+00 1.000000000000000000e+00
1.872999999999999998e+00 9.999994868421051564e-01
1.874000000000000110e+00 9.999989149466804728e-01
1.875000000000000000e+00 9.999982691133471047e-01
1.876000000000000112e+00 9.999979119704900388e-01
1.877000000000000002e+00 9.999971106884387728e-01
1.878000000000000114e+00 9.999966561429841638e-01
1.879000000000000004e+00 9.999961561429842050e-01
1.880000000000000115e+00 9.999956005874286458e-01
1.881000000000000005e+00 9.999949755874286694e-01
1.882000000000000117e+00 9.999937481438194720e-01
1.883000000000000007e+00 9.999923429150612275e-01
1.884000000000000119e+00 9.999903399388708758e-01
1.885000000000000009e+00 9.999899553234861127e-01
1.886000000000000121e+00 9.999870431756925360e-01
1.887000000000000011e+00 9.999859365580453519e-01
1.888000000000000123e+00 9.999818857017377383e-01
1.889000000000000012e+00 9.999794857385475577e-01
1.890000000000000124e+00 9.999737164478965656e-01
1.891000000000000014e+00 9.999712398347476716e-01
1.892000000000000126e+00 9.999673847597835286e-01
1.893000000000000016e+00 9.999614756069522548e-01
1.894000000000000128e+00 9.999569472261267133e-01
1.895000000000000018e+00 9.999444168611741901e-01
1.896000000000000130e+00 9.999385243930477563e-01
1.897000000000000020e+00 9.999303712763628615e-01
1.898000000000000131e+00 9.999194874757384444e-01
1.899000000000000021e+00 9.999083029182719295e-01
1.900000000000000133e+00 9.998999999999995669e-01
1.901000000000000023e+00 9.998862490580456841e-01
1.902000000000000135e+00 9.998699065014147180e-01
1.903000000000000025e+00 9.998561734166028225e-01
1.904000000000000137e+00 9.998333123556010227e-01
1.905000000000000027e+00 9.998132509419546121e-01
1.906000000000000139e+00 9.997942613017144486e-01
1.907000000000000028e+00 9.997685491781821421e-01
1.908000000000000140e+00 9.997388368930474334e-01
1.909000000000000030e+00 9.997096600611292683e-01
1.910000000000000142e+00 9.996794857385478128e-01
1.911000000000000032e+00 9.996392914385019424e-01
1.912000000000000144e+00 9.996000000000003771e-01
1.913000000000000034e+00 9.995574472261268273e-01
1.914000000000000146e+00 9.995038438570164052e-01
1.915000000000000036e+00 9.994446668611747242e-01
1.916000000000000147e+00 9.993899553234865119e-01
1.917000000000000037e+00 9.993187766914244374e-01
1.918000000000000149e+00 9.992422896159780521e-01
1.919000000000000039e+00 9.991614756069525649e-01
1.919999999999999929e+00 9.990676479176784364e-01
1.921000000000000041e+00 9.989651955809071282e-01
1.921999999999999931e+00 9.988446668611745682e-01
1.923000000000000043e+00 9.987194874757377994e-01
1.923999999999999932e+00 9.985812233085754608e-01
1.925000000000000044e+00 9.984205142614526185e-01
1.925999999999999934e+00 9.982446668611745233e-01
1.927000000000000046e+00 9.980565305594600867e-01
1.927999999999999936e+00 9.978370544190930946e-01
1.929000000000000048e+00 9.975999999999991541e-01
1.929999999999999938e+00 9.973321020823217031e-01
1.931000000000000050e+00 9.970348044190929793e-01
1.931999999999999940e+00 9.967059886982859718e-01
1.933000000000000052e+00 9.963404025496132022e-01
1.933999999999999941e+00 9.959338123556011890e-01
1.935000000000000053e+00 9.954833810024895646e-01
1.935999999999999943e+00 9.949812233085758573e-01
1.937000000000000055e+00 9.944181142982617683e-01
1.937999999999999945e+00 9.937961561429842217e-01
1.939000000000000057e+00 9.930999999999989836e-01
1.939999999999999947e+00 9.923243152981349180e-01
1.941000000000000059e+00 9.914620959077045104e-01
1.941999999999999948e+00 9.904984357800140637e-01
1.943000000000000060e+00 9.894187766914243065e-01
1.943999999999999950e+00 9.882149523308431105e-01
1.945000000000000062e+00 9.868719196593097598e-01
1.945999999999999952e+00 9.853666876443989420e-01
1.947000000000000064e+00 9.836787811930929326e-01
1.947999999999999954e+00 9.817833810024897412e-01
1.949000000000000066e+00 9.796577103840213852e-01
1.949999999999999956e+00 9.772626514632600792e-01
1.951000000000000068e+00 9.745654733586848195e-01
1.951999999999999957e+00 9.715194874757377974e-01
1.953000000000000069e+00 9.680815010863531578e-01
1.953999999999999959e+00 9.641842698913791754e-01
1.955000000000000071e+00 9.597654733586843401e-01
1.955999999999999961e+00 9.547388368930477265e-01
1.957000000000000073e+00 9.490200499757379671e-01
1.957999999999999963e+00 9.425000000000001155e-01
1.959000000000000075e+00 9.350594906127799311e-01
1.959999999999999964e+00 9.265495067499361914e-01
1.961000000000000076e+00 9.168309902402164147e-01
1.961999999999999966e+00 9.057255657208072019e-01
1.963000000000000078e+00 8.930618066920177345e-01
1.963999999999999968e+00 8.786422918611747068e-01
1.965000000000000080e+00 8.623019094580817168e-01
1.965999999999999970e+00 8.438694846102900993e-01
1.967000000000000082e+00 8.232170909114107094e-01
1.967999999999999972e+00 8.002760954130794246e-01
1.969000000000000083e+00 7.750289938541419232e-01
1.969999999999999973e+00 7.475534942727122267e-01
1.971000000000000085e+00 7.180107987430524030e-01
1.971999999999999975e+00 6.866362676071349203e-01
1.973000000000000087e+00 6.537564535143433053e-01
1.973999999999999977e+00 6.197416355789248099e-01
1.975000000000000089e+00 5.849950969550100632e-01
1.975999999999999979e+00 5.499315263741031412e-01
1.977000000000000091e+00 5.149538254898483602e-01
1.977999999999999980e+00 4.804246634068115585e-01
1.979000000000000092e+00 4.466735708490426338e-01
1.979999999999999982e+00 4.139799524279899612e-01
1.981000000000000094e+00 3.825516387926659601e-01
1.981999999999999984e+00 3.525645612602482104e-01
1.983000000000000096e+00 3.241393491367163260e-01
1.983999999999999986e+00 2.973491089294047485e-01
1.985000000000000098e+00 2.722274870836507432e-01
1.985999999999999988e+00 2.487812726034285826e-01
1.987000000000000099e+00 2.269838194914820806e-01
1.987999999999999989e+00 2.068009379944961146e-01
1.989000000000000101e+00 1.881576809610238099e-01
1.989999999999999991e+00 1.710036802472338358e-01
1.991000000000000103e+00 1.552472369086666526e-01
1.991999999999999993e+00 1.408163945270201056e-01
1.993000000000000105e+00 1.276206464669661644e-01
1.993999999999999995e+00 1.155775923561947194e-01
1.995000000000000107e+00 1.046019094580814962e-01
1.995999999999999996e+00 9.461256344195446977e-02
1.997000000000000108e+00 8.553636169463488259e-02
1.997999999999999998e+00 7.730000000000003535e-02
1.999000000000000110e+00 6.982004997573805494e-02
2.000000000000000000e+00 6.304466686117461693e-02
2.000999999999999890e+00 5.691295682430744934e-02
2.002000000000000224e+00 5.136361224757354099e-02
2.003000000000000114e+00 4.633956921627994247e-02
2.004000000000000004e+00 4.180139755331958168e-02
2.004999999999999893e+00 3.770000000000001128e-02
2.006000000000000227e+00 3.400000000000001632e-02
2.007000000000000117e+00 3.065586091660317883e-02
2.008000000000000007e+00 2.763235208232170392e-02
2.008999999999999897e+00 2.490765708493862529e-02
2.010000000000000231e+00 2.245533313882539656e-02
2.011000000000000121e+00 2.023261524021643595e-02
2.012000000000000011e+00 1.823331235560104319e-02
2.012999999999999901e+00 1.643099627636295662e-02
2.014000000000000234e+00 1.480502441257142664e-02
2.015000000000000124e+00 1.333929143850215784e-02
2.016000000000000014e+00 1.201877669142432936e-02
2.016999999999999904e+00 1.082876016525184323e-02
2.018000000000000238e+00 9.758962835002117295e-03
2.019000000000000128e+00 8.790697081728044565e-03
2.020000000000000018e+00 7.917489298261934025e-03
2.020999999999999908e+00 7.132352082321701328e-03
2.022000000000000242e+00 6.426283552103210887e-03
2.023000000000000131e+00 5.790339938870897943e-03
2.024000000000000021e+00 5.213250941954503115e-03
2.024999999999999911e+00 4.700000000000001919e-03
2.026000000000000245e+00 4.230996276362955846e-03
2.027000000000000135e+00 3.810044676513716418e-03
2.028000000000000025e+00 3.432352082321702465e-03
2.028999999999999915e+00 3.094975587428568271e-03
2.030000000000000249e+00 2.787043175692555021e-03
2.031000000000000139e+00 2.507969584938626265e-03
2.032000000000000028e+00 2.261475606952387425e-03
2.032999999999999918e+00 2.034804419093118148e-03
2.034000000000000252e+00 1.832352082321703473e-03
2.035000000000000142e+00 1.655333138825398594e-03
2.036000000000000032e+00 1.489955323486283388e-03
2.036999999999999922e+00 1.338524393047612910e-03
2.038000000000000256e+00 1.205738698285718346e-03
2.039000000000000146e+00 1.088038656819616864e-03
2.040000000000000036e+00 9.812233085756696081e-04
2.040999999999999925e+00 8.831310024899422786e-04
2.042000000000000259e+00 7.961561429841226009e-04
2.043000000000000149e+00 7.140634419545023159e-04
2.044000000000000039e+00 6.425527738730137496e-04
2.044999999999999929e+00 5.818857017380623829e-04
2.046000000000000263e+00 5.212188069068876030e-04
2.047000000000000153e+00 4.719196593095588313e-04
2.048000000000000043e+00 4.218152981349575573e-04
2.048999999999999932e+00 3.831310024899420514e-04
2.049999999999999822e+00 3.422896159782769189e-04
2.051000000000000156e+00 3.093029182719585408e-04
2.052000000000000046e+00 2.809291909286105071e-04
2.052999999999999936e+00 2.553331388253989335e-04
2.053999999999999826e+00 2.265776697502703760e-04
2.055000000000000160e+00 2.024726448946649409e-04
2.056000000000000050e+00 1.859365580454976053e-04
2.056999999999999940e+00 1.673847597835600911e-04
2.057999999999999829e+00 1.446668611746010857e-04
2.059000000000000163e+00 1.326152402164399368e-04
2.060000000000000053e+00 1.194874757380562385e-04
2.060999999999999943e+00 1.076570849386251872e-04
2.061999999999999833e+00 9.999999999999993703e-05
2.063000000000000167e+00 9.033993887089860481e-05
2.064000000000000057e+00 8.122330857566928040e-05
2.064999999999999947e+00 7.191965930955869014e-05
2.065999999999999837e+00 6.618764439894470855e-05
2.067000000000000171e+00 5.959745038673058126e-05
2.068000000000000060e+00 5.533313882539888328e-05
2.068999999999999950e+00 4.441686117460110189e-05
2.069999999999999840e+00 4.103716499788481471e-05
2.071000000000000174e+00 3.734853674017760822e-05
2.072000000000000064e+00 3.292774021643990576e-05
2.072999999999999954e+00 3.037127636295593479e-05
2.073999999999999844e+00 2.776784069044131722e-05
2.075000000000000178e+00 2.628355210321154628e-05
2.076000000000000068e+00 2.121880690688740284e-05
2.076999999999999957e+00 1.877669142433074811e-05
2.077999999999999847e+00 1.748929826193758324e-05
2.079000000000000181e+00 1.573010862116899176e-05
2.080000000000000071e+00 1.325094195450232864e-05
2.080999999999999961e+00 1.222450107512027127e-05
2.081999999999999851e+00 1.004467651371676137e-05
2.083000000000000185e+00 9.660061129101376269e-06
2.084000000000000075e+00 7.969584938625186651e-06
2.084999999999999964e+00 7.657084938625185832e-06
2.085999999999999854e+00 6.251856180455253196e-06
2.087000000000000188e+00 5.738698285718409540e-06
2.088000000000000078e+00 5.024412571432695438e-06
2.088999999999999968e+00 4.399412571432695493e-06
2.089999999999999858e+00 3.843857015877139233e-06
2.091000000000000192e+00 3.343857015877139785e-06
2.092000000000000082e+00 2.889311561331685318e-06
2.092999999999999972e+00 2.472644894665018547e-06
2.093999999999999861e+00 1.730886652906776604e-06
2.095000000000000195e+00 1.397553319573443357e-06
2.096000000000000085e+00 7.909356725146198804e-07
2.096999999999999975e+00 2.500000000000000416e-07
2.097999999999999865e+00 0.000000000000000000e+00
2.099000000000000199e+00 0.000000000000000000e+00
2.100000000000000089e+00 0.000000000000000000e+00
2.100999999999999979e+00 0.000000000000000000e+00
2.101999999999999869e+00 0.000000000000000000e+00
2.103000000000000203e+00 0.000000000000000000e+00
2.104000000000000092e+00 0.000000000000000000e+00
2.104999999999999982e+00 0.000000000000000000e+00
2.105999999999999872e+00 0.000000000000000000e+00
2.107000000000000206e+00 0.000000000000000000e+00
2.108000000000000096e+00 0.000000000000000000e+00
2.108999999999999986e+00 0.000000000000000000e+00
2.109999999999999876e+00 0.000000000000000000e+00
2.111000000000000210e+00 0.000000000000000000e+00
2.112000000000000099e+00 0.000000000000000000e+00
2.112999999999999989e+00 0.000000000000000000e+00
2.113999999999999879e+00 0.000000000000000000e+00
2.115000000000000213e+00 0.000000000000000000e+00
2.116000000000000103e+00 0.000000000000000000e+00
2.116999999999999993e+00 0.000000000000000000e+00
2.117999999999999883e+00 0.000000000000000000e+00
2.119000000000000217e+00 0.000000000000000000e+00
2.120000000000000107e+00 0.000000000000000000e+00
2.120999999999999996e+00 0.000000000000000000e+00
2.121999999999999886e+00 0.000000000000000000e+00
2.123000000000000220e+00 0.000000000000000000e+00
2.124000000000000110e+00 0.000000000000000000e+00
2.125000000000000000e+00 0.000000000000000000e+00
2.125999999999999890e+00 0.000000000000000000e+00
2.127000000000000224e+00 0.000000000000000000e+00
2.128000000000000114e+00 0.000000000000000000e+00
2.129000000000000004e+00 0.000000000000000000e+00
2.129999999999999893e+00 0.000000000000000000e+00
2.131000000000000227e+00 0.000000000000000000e+00
2.132000000000000117e+00 0.000000000000000000e+00
2.133000000000000007e+00 0.000000000000000000e+00
2.133999999999999897e+00 0.000000000000000000e+00
2.135000000000000231e+00 0.000000000000000000e+00
2.136000000000000121e+00 0.000000000000000000e+00
2.137000000000000011e+00 0.000000000000000000e+00
2.137999999999999901e+00 0.000000000000000000e+00
2.139000000000000234e+00 0.000000000000000000e+00
2.140000000000000124e+00 0.000000000000000000e+00
2.141000000000000014e+00 0.000000000000000000e+00
2.141999999999999904e+00 0.000000000000000000e+00
2.143000000000000238e+00 0.000000000000000000e+00
2.144000000000000128e+00 0.000000000000000000e+00
2.145000000000000018e+00 0.000000000000000000e+00
2.145999999999999908e+00 0.000000000000000000e+00
2.147000000000000242e+00 0.000000000000000000e+00
2.148000000000000131e+00 0.000000000000000000e+00
2.149000000000000021e+00 0.000000000000000000e+00
2.149999999999999911e+00 0.000000000000000000e+00
2.151000000000000245e+00 0.000000000000000000e+00
2.152000000000000135e+00 0.000000000000000000e+00
2.153000000000000025e+00 0.000000000000000000e+00
2.153999999999999915e+00 0.000000000000000000e+00
2.155000000000000249e+00 0.000000000000000000e+00
2.156000000000000139e+00 0.000000000000000000e+00
2.157000000000000028e+00 0.000000000000000000e+00
2.157999999999999918e+00 0.000000000000000000e+00
2.159000000000000252e+00 0.000000000000000000e+00
2.160000000000000142e+00 0.000000000000000000e+00
2.161000000000000032e+00 0.000000000000000000e+00
2.161999999999999922e+00 0.000000000000000000e+00
2.163000000000000256e+00 0.000000000000000000e+00
2.164000000000000146e+00 0.000000000000000000e+00
2.165000000000000036e+00 0.000000000000000000e+00
2.165999999999999925e+00 0.000000000000000000e+00
2.167000000000000259e+00 0.000000000000000000e+00
2.168000000000000149e+00 0.000000000000000000e+00
2.169000000000000039e+00 0.000000000000000000e+00
2.169999999999999929e+00 0.000000000000000000e+00
2.171000000000000263e+00 0.000000000000000000e+00
2.172000000000000153e+00 0.000000000000000000e+00
2.173000000000000043e+00 0.000000000000000000e+00
2.173999999999999932e+00 0.000000000000000000e+00
2.175000000000000266e+00 0.000000000000000000e+00
2.176000000000000156e+00 0.000000000000000000e+00
2.177000000000000046e+00 0.000000000000000000e+00
2.177999999999999936e+00 0.000000000000000000e+00
2.178999999999999826e+00 0.000000000000000000e+00
2.180000000000000160e+00 0.000000000000000000e+00
2.181000000000000050e+00 0.000000000000000000e+00
2.181999999999999940e+00 0.000000000000000000e+00
2.182999999999999829e+00 0.000000000000000000e+00
2.184000000000000163e+00 0.000000000000000000e+00
2.185000000000000053e+00 0.000000000000000000e+00
2.185999999999999943e+00 0.000000000000000000e+00
2.186999999999999833e+00 0.000000000000000000e+00
2.188000000000000167e+00 0.000000000000000000e+00
2.189000000000000057e+00 0.000000000000000000e+00
2.189999999999999947e+00 0.000000000000000000e+00
2.190999999999999837e+00 0.000000000000000000e+00
2.192000000000000171e+00 0.000000000000000000e+00
2.193000000000000060e+00 0.000000000000000000e+00
2.193999999999999950e+00 0.000000000000000000e+00
2.194999999999999840e+00 0.000000000000000000e+00
2.196000000000000174e+00 0.000000000000000000e+00
2.197000000000000064e+00 0.000000000000000000e+00
2.197999999999999954e+00 0.000000000000000000e+00
2.198999999999999844e+00 0.000000000000000000e+00
2.200000000000000178e+00 0.000000000000000000e+00
2.201000000000000068e+00 0.000000000000000000e+00
2.201999999999999957e+00 0.000000000000000000e+00
2.202999999999999847e+00 0.000000000000000000e+00
2.204000000000000181e+00 0.000000000000000000e+00
2.205000000000000071e+00 0.000000000000000000e+00
2.205999999999999961e+00 0.000000000000000000e+00
2.206999999999999851e+00 0.000000000000000000e+00
2.208000000000000185e+00 0.000000000000000000e+00
2.209000000000000075e+00 0.000000000000000000e+00
2.209999999999999964e+00 0.000000000000000000e+00
2.210999999999999854e+00 0.000000000000000000e+00
2.212000000000000188e+00 0.000000000000000000e+00
2.213000000000000078e+00 0.000000000000000000e+00
2.213999999999999968e+00 0.000000000000000000e+00
